x	y	pdf
2.23386e-07	1	0
3.20186e-07	1	2582.65
4.58933e-07	1	22523.1
6.57801e-07	1	18228.1
9.42846e-07	1	15787
1.35141e-06	1	12544
1.93701e-06	1	24760.7
2.77638e-06	1	37528.4
3.97947e-06	1	36988.2
5.70389e-06	1	206809
8.17555e-06	1	256457
1.17183e-05	1	497289
1.67961e-05	1	263694
2.40744e-05	1	159637
3.45065e-05	1	87038.8
4.94592e-05	1	67730.3
7.08913e-05	1	59793.4
0.000101611	1	41720.5
0.000145641	1	20829.1
0.000208752	1	9602.17
0.000299211	1	6910.63
0.000428867	1	8430.91
0.000614708	1	14503.7
0.00088108	1	25915.4
0.00126288	1	77100.4
0.00181012	1	63753.8
0.0025945	1	65794.5
0.00371877	1	60395.1
0.00533022	1	44214.5
0.00763996	1	20110.7
0.0109506	1	13110.2
0.0156958	1	10026.8
0.0224972	1	1976.77
0.032246	1	423.479
0.0462191	1	293.993
0.0662472	1	204.675
0.094954	1	127.326
0.1361	1	119.968
0.195077	1	283.934
0.279609	1	110.602
0.400772	1	63.3527
0.574438	1	33.2707
0.823359	1	116.588
1.18015	1	192.402
1.69154	1	444.661
2.42453	1	384.091
3.47515	1	18.9632
4.98103	1	2.77877
7.13946	1	0.0762129
10.2332	1	0.00266668
