0
11510.8
23381.3
35611.5
48561.2
61510.8
75179.9
88848.9
102518
116547
130576
144964
159353
173741
188489
203237
217986
233094
248201
263309
278777
294245
309712
325540
341367
357194
373381
389568
405755
422302
438489
455036
471942
488489
505396
522302
539209
556115
573381
590288
607554
624820
642086
659712
677338
694604
712230
730216
747842
765827
783813
801799
819784
838129
856115
874820
893165
911871
930576
949281
967986
987050
1.00647e+06
1.02554e+06
1.04496e+06
1.06439e+06
1.08417e+06
1.10396e+06
1.1241e+06
1.14424e+06
1.16439e+06
1.18489e+06
1.2054e+06
1.22626e+06
1.24712e+06
1.26835e+06
1.28993e+06
1.31115e+06
1.33309e+06
1.35504e+06
1.37698e+06
1.39928e+06
1.42194e+06
1.4446e+06
1.46763e+06
1.49101e+06
1.51439e+06
1.53813e+06
1.56187e+06
1.58633e+06
1.61079e+06
1.63525e+06
1.66043e+06
1.68561e+06
1.71115e+06
1.73669e+06
1.76295e+06
1.78921e+06
1.81583e+06
1.84281e+06
1.86978e+06
1.89748e+06
1.92518e+06
1.9536e+06
1.98201e+06
2.01079e+06
2.03993e+06
2.06942e+06
2.09928e+06
2.1295e+06
2.16043e+06
2.19137e+06
2.22266e+06
2.25432e+06
2.28669e+06
2.31906e+06
2.35216e+06
2.38561e+06
2.41942e+06
2.45396e+06
2.48849e+06
2.52374e+06
2.55971e+06
2.59568e+06
2.63273e+06
2.66978e+06
2.70755e+06
2.74604e+06
2.78489e+06
2.82446e+06
2.86475e+06
2.9054e+06
2.94676e+06
2.98885e+06
3.03165e+06
3.07482e+06
3.11906e+06
3.16403e+06
3.20971e+06
3.25612e+06
3.30324e+06
3.35144e+06
3.40036e+06
3.45e+06
3.50072e+06
3.55252e+06
3.6054e+06
3.65899e+06
3.71403e+06
3.76978e+06
3.82698e+06
3.88525e+06
3.94496e+06
4.00576e+06
4.06799e+06
4.13201e+06
4.19712e+06
4.26403e+06
4.33237e+06
4.40252e+06
4.47482e+06
4.54856e+06
4.62446e+06
4.70252e+06
4.78309e+06
4.86583e+06
4.95072e+06
5.03885e+06
5.1295e+06
5.22302e+06
5.31978e+06
5.42014e+06
5.5241e+06
5.63201e+06
5.74424e+06
5.86115e+06
5.98273e+06
6.11007e+06
6.24317e+06
6.38237e+06
6.52914e+06
6.68345e+06
6.8464e+06
7.01906e+06
7.20288e+06
7.39856e+06
7.60863e+06
7.83453e+06
8.0795e+06
8346402.877697
8639568.34532334469
8964388.48920903541
9329136.69064878114
9744244.60431886651
10225539.5683488268
10797482.0143933985
11501079.1366972867
12414028.7769873012
13711510.7913789805
14600000.0000142585
14647122.3021726478
