0
0.00349048
0.00708001
0.0104304
0.01368
0.0167319
0.0197975
0.0227379
0.0255752
0.0283888
0.03111
0.0338123
0.0364306
0.0389681
0.0414889
0.0439324
0.0463021
0.0486562
0.0509389
0.0531527
0.0553499
0.0574794
0.0595436
0.0615896
0.0635704
0.0654874
0.0673835
0.0692164
0.0709875
0.0727361
0.0743874
0.0760163
0.0776206
0.0791334
0.0806216
0.0820531
0.0834293
0.0847513
0.0860469
0.0872628
0.0884521
0.0895894
0.0906761
0.0917344
0.0927422
0.0936815
0.0945925
0.0954734
0.0962904
0.097078
0.0978201
0.098518
0.0991729
0.0997981
0.10037
0.100923
0.101426
0.101899
0.102334
0.102732
0.103094
0.103428
0.103732
0.103997
0.104234
0.10444
0.104618
0.104765
0.104885
0.104975
0.105038
0.105074
0.105084
0.105068
0.105027
0.10496
0.104867
0.104753
0.104613
0.10445
0.104266
0.104059
0.103827
0.103576
0.103302
0.103005
0.102691
0.102354
0.102
0.101619
0.101222
0.100809
0.10037
0.0999161
0.0994419
0.0989544
0.0984399
0.0979129
0.0973667
0.0968016
0.0962256
0.0956237
0.0950118
0.0943741
0.0937272
0.0930636
0.0923837
0.0916878
0.0909762
0.0902494
0.0894989
0.0887425
0.0879721
0.0871882
0.0863823
0.0855726
0.0847416
0.0838988
0.0830447
0.0821705
0.0812952
0.0804009
0.0794884
0.0785764
0.0776381
0.0767014
0.0757486
0.0747803
0.0738064
0.0728185
0.071817
0.0708118
0.0697944
0.0687658
0.0677267
0.0666864
0.0656285
0.0645624
0.0634891
0.0624093
0.061324
0.0602258
0.0591238
0.058019
0.0569043
0.0557807
0.0546495
0.0535194
0.0523765
0.0512369
0.0500871
0.0489358
0.0477772
0.0466196
0.0454576
0.0442861
0.04312
0.0419479
0.0407777
0.0396052
0.0384264
0.037255
0.0360815
0.034908
0.0337318
0.0325605
0.0313963
0.0302271
0.0290655
0.0279096
0.026758
0.0256097
0.0244682
0.0233333
0.0222052
0.0210847
0.019976
0.0188739
0.017784
0.0167085
0.0156423
0.014592
0.0135571
0.0125383
0.0115359
0.0105548
0.00959267
0.00865437
0.00773913
0.00685079
0.00599143
0.00516414
0.00437028
0.0036142
0.00289994
0.0022327
0.00161921
0.001068
0.000591948
0.00039542
0.000387053
