0
0.000335297
0.00106531
0.00208823
0.00336754
0.00478813
0.00637
0.00799443
0.0096562
0.0114038
0.0132008
0.0151046
0.017071
0.0190942
0.0212219
0.0234017
0.0256337
0.0279732
0.0303646
0.0328063
0.0353561
0.0379541
0.0405982
0.0433499
0.0461474
0.0489906
0.0519462
0.0549507
0.0580046
0.0611778
0.0643325
0.0676089
0.0710098
0.07439
0.0778949
0.0814497
0.0850517
0.0886967
0.0924593
0.0961773
0.100003
0.103853
0.107719
0.111677
0.11564
0.119521
0.123475
0.127496
0.131417
0.135393
0.139338
0.143248
0.147117
0.151017
0.154792
0.158662
0.162399
0.166146
0.169827
0.17344
0.176982
0.180518
0.184042
0.187423
0.190787
0.194069
0.197329
0.200505
0.203652
0.206714
0.20969
0.212634
0.215493
0.218315
0.221054
0.223754
0.226415
0.228949
0.231486
0.233942
0.236318
0.238655
0.240951
0.243172
0.245353
0.247492
0.249559
0.251585
0.253543
0.25549
0.25737
0.259185
0.260989
0.26273
0.264434
0.26608
0.267712
0.269288
0.27083
0.272338
0.273793
0.275235
0.276627
0.278005
0.279335
0.280634
0.281904
0.283143
0.284354
0.285537
0.286705
0.287833
0.288934
0.290008
0.291068
0.292089
0.293097
0.29408
0.295038
0.295982
0.296892
0.297789
0.298671
0.299522
0.300367
0.301182
0.301983
0.30277
0.303537
0.30429
0.305029
0.305748
0.306452
0.307143
0.30782
0.308477
0.309126
0.309761
0.310382
0.31099
0.311583
0.312168
0.312738
0.313295
0.313842
0.31438
0.314907
0.315421
0.315928
0.316421
0.316907
0.317382
0.317849
0.318305
0.318753
0.319195
0.319626
0.32005
0.320465
0.320872
0.321274
0.321666
0.322051
0.32243
0.322803
0.323168
0.323526
0.323879
0.324225
0.324565
0.324899
0.325228
0.325551
0.325869
0.326182
0.32649
0.326793
0.327092
0.327387
0.327676
0.327963
0.328245
0.328523
0.328797
0.329069
0.329337
0.329602
0.329865
0.330125
0.330383
0.33064
0.330895
0.331149
0.331403
0.331658
0.331914
0.332173
0.332437
0.332708
0.332844
0.33285
