0.00123511
0.00248749
0.00373729
0.00497926
0.00621377
0.00744211
0.00866528
0.00988398
0.0110985
0.012309
0.0135156
0.0147182
0.0159171
0.0171122
0.0183039
0.0194924
0.0206778
0.0218602
0.02304
0.0242171
0.0253918
0.0265642
0.0277344
0.0289025
0.0300687
0.0312329
0.0323953
0.033556
0.034715
0.0358723
0.0370281
0.0381824
0.0393353
0.0404869
0.0416372
0.0427863
0.0439342
0.045081
0.0462269
0.0473717
0.0485157
0.0496588
0.0508012
0.0519428
0.0530837
0.054224
0.0553636
0.0565028
0.0576413
0.0587794
0.0599169
0.061054
0.0621906
0.0633267
0.0644623
0.0655975
0.0667322
0.0678666
0.0690004
0.0701339
0.071267
0.0723998
0.0735322
0.0746642
0.0757959
0.0769272
0.0780582
0.0791888
0.080319
0.0814488
0.0825783
0.0837073
0.0848359
0.0859641
0.0870919
0.0882192
0.0893461
0.0904726
0.0915987
0.0927243
0.0938495
0.0949742
0.0960986
0.0972225
0.098346
0.099469
0.100592
0.101714
0.102836
0.103957
0.105078
0.106198
0.107319
0.108438
0.109557
0.110676
0.111795
0.112912
0.11403
0.115147
0.116264
0.11738
0.118495
0.119611
0.120726
0.12184
0.122954
0.124068
0.125181
0.126293
0.127406
0.128518
0.129629
0.13074
0.13185
0.13296
0.13407
0.135179
0.136288
0.137396
0.138504
0.139611
0.140718
0.141824
0.14293
0.144036
0.145141
0.146245
0.147349
0.148453
0.149557
0.150659
0.151762
0.152864
0.153966
0.155067
0.156168
0.157268
0.158368
0.159468
0.160567
0.161666
0.162764
0.163862
0.16496
0.166057
0.167154
0.16825
0.169346
0.170442
0.171537
0.172632
0.173727
0.174821
0.175915
0.177008
0.178101
0.179194
0.180286
0.181378
0.182469
0.18356
0.184651
0.185741
0.186831
0.187921
0.18901
0.190099
0.191187
0.192275
0.193363
0.19445
0.195537
0.196624
0.19771
0.198796
0.199882
0.200967
0.202052
0.203136
0.20422
0.205304
0.206387
0.20747
0.208553
0.209635
0.210717
0.211799
0.21288
0.213961
0.215041
0.216121
0.217201
0.218281
0.21936
0.220438
0.221517
0.222595
0.223673
0.22475
0.225827
0.226904
0.22798
0.229056
0.230131
0.231207
0.232282
0.233356
0.234431
0.235504
0.236578
0.237651
0.238724
0.239797
0.240869
0.241941
0.243012
0.244083
0.245154
0.246224
0.247294
0.248364
0.249434
0.250503
0.251571
0.25264
0.253708
0.254775
0.255843
0.25691
0.257976
0.259043
0.260109
0.261174
0.26224
0.263304
0.264369
0.265433
0.266497
0.267561
0.268624
0.269687
0.270749
0.271812
0.272874
0.273935
0.274996
0.276057
0.277118
0.278178
0.279238
0.280297
0.281357
0.282416
0.283474
0.284532
0.28559
0.286648
0.287705
0.288762
0.289819
0.290875
0.291931
0.292986
0.294042
0.295097
0.296151
0.297206
0.29826
0.299313
0.300367
0.30142
0.302472
0.303525
0.304577
0.305629
0.30668
0.307731
0.308782
0.309833
0.310883
0.311933
0.312982
0.314031
0.31508
0.316129
0.317177
0.318225
0.319273
0.32032
0.321367
0.322414
0.323461
0.324507
0.325553
0.326598
0.327644
0.328689
0.329733
0.330778
0.331822
0.332865
0.333909
0.334952
0.335995
0.337038
0.33808
0.339122
0.340164
0.341205
0.342246
0.343287
0.344328
0.345368
0.346408
0.347448
0.348488
0.349527
0.350566
0.351604
0.352643
0.353681
0.354719
0.355756
0.356793
0.35783
0.358867
0.359904
0.36094
0.361976
0.363011
0.364047
0.365082
0.366117
0.367151
0.368186
0.36922
0.370253
0.371287
0.37232
0.373353
0.374386
0.375419
0.376451
0.377483
0.378515
0.379546
0.380577
0.381608
0.382639
0.38367
0.3847
0.38573
0.386759
0.387789
0.388818
0.389847
0.390876
0.391904
0.392932
0.39396
0.394988
0.396015
0.397042
0.398069
0.399095
0.400122
0.401148
0.402173
0.403199
0.404224
0.405249
0.406274
0.407298
0.408322
0.409346
0.41037
0.411393
0.412416
0.413439
0.414461
0.415484
0.416506
0.417527
0.418549
0.41957
0.420591
0.421612
0.422632
0.423652
0.424672
0.425691
0.42671
0.427729
0.428748
0.429766
0.430784
0.431802
0.43282
0.433837
0.434854
0.435871
0.436887
0.437903
0.438919
0.439934
0.440949
0.441964
0.442979
0.443993
0.445007
0.44602
0.447033
0.448046
0.449059
0.450071
0.451083
0.452095
0.453106
0.454117
0.455128
0.456138
0.457148
0.458158
0.459167
0.460176
0.461185
0.462193
0.463201
0.464209
0.465216
0.466223
0.46723
0.468236
0.469242
0.470247
0.471253
0.472257
0.473262
0.474266
0.47527
0.476273
0.477276
0.478279
0.479281
0.480283
0.481284
0.482285
0.483286
0.484286
0.485286
0.486286
0.487285
0.488284
0.489282
0.49028
0.491277
0.492275
0.493271
0.494268
0.495264
0.496259
0.497254
0.498249
0.499243
0.500237
0.501231
0.502224
0.503216
0.504208
0.5052
0.506191
0.507182
0.508173
0.509163
0.510152
0.511141
0.51213
0.513118
0.514106
0.515093
0.51608
0.517066
0.518052
0.519037
0.520022
0.521007
0.521991
0.522974
0.523958
0.52494
0.525922
0.526904
0.527885
0.528866
0.529846
0.530826
0.531805
0.532784
0.533762
0.534739
0.535717
0.536693
0.53767
0.538645
0.53962
0.540595
0.541569
0.542543
0.543516
0.544488
0.54546
0.546432
0.547403
0.548373
0.549343
0.550313
0.551282
0.55225
0.553218
0.554185
0.555152
0.556118
0.557083
0.558048
0.559013
0.559977
0.56094
0.561903
0.562865
0.563827
0.564788
0.565749
0.566709
0.567668
0.568627
0.569585
0.570543
0.5715
0.572456
0.573412
0.574368
0.575323
0.576277
0.57723
0.578183
0.579136
0.580088
0.581039
0.581989
0.58294
0.583889
0.584838
0.585786
0.586734
0.587681
0.588627
0.589573
0.590518
0.591462
0.592406
0.59335
0.594292
0.595235
0.596176
0.597117
0.598057
0.598997
0.599936
0.600874
0.601812
0.602749
0.603685
0.604621
0.605556
0.606491
0.607424
0.608358
0.60929
0.610222
0.611153
0.612084
0.613014
0.613943
0.614872
0.6158
0.616727
0.617654
0.61858
0.619505
0.62043
0.621354
0.622277
0.6232
0.624122
0.625043
0.625964
0.626884
0.627803
0.628721
0.629639
0.630557
0.631473
0.632389
0.633304
0.634219
0.635133
0.636046
0.636958
0.63787
0.638781
0.639691
0.640601
0.64151
0.642418
0.643326
0.644233
0.645139
0.646045
0.64695
0.647854
0.648757
0.64966
0.650562
0.651463
0.652364
0.653264
0.654163
0.655061
0.655959
0.656856
0.657753
0.658648
0.659543
0.660437
0.661331
0.662224
0.663116
0.664007
0.664898
0.665788
0.666677
0.667565
0.668453
0.66934
0.670227
0.671112
0.671997
0.672881
0.673765
0.674647
0.675529
0.676411
0.677291
0.678171
0.67905
0.679929
0.680806
0.681683
0.682559
0.683435
0.684309
0.685183
0.686057
0.686929
0.687801
0.688672
0.689542
0.690412
0.691281
0.692149
0.693016
0.693883
0.694748
0.695614
0.696478
0.697342
0.698204
0.699067
0.699928
0.700789
0.701649
0.702508
0.703366
0.704224
0.705081
0.705937
0.706793
0.707648
0.708502
0.709355
0.710207
0.711059
0.71191
0.71276
0.71361
0.714459
0.715307
0.716154
0.717
0.717846
0.718691
0.719535
0.720379
0.721222
0.722064
0.722905
0.723745
0.724585
0.725424
0.726262
0.7271
0.727936
0.728772
0.729608
0.730442
0.731276
0.732109
0.732941
0.733772
0.734603
0.735433
0.736262
0.737091
0.737918
0.738745
0.739572
0.740397
0.741222
0.742046
0.742869
0.743691
0.744513
0.745334
0.746154
0.746974
0.747792
0.74861
0.749427
0.750244
0.751059
0.751874
0.752688
0.753502
0.754315
0.755126
0.755937
0.756748
0.757557
0.758366
0.759174
0.759982
0.760788
0.761594
0.762399
0.763204
0.764007
0.76481
0.765612
0.766414
0.767214
0.768014
0.768813
0.769611
0.770409
0.771206
0.772002
0.772797
0.773592
0.774386
0.775179
0.775971
0.776763
0.777553
0.778343
0.779133
0.779921
0.780709
0.781496
0.782283
0.783068
0.783853
0.784637
0.78542
0.786203
0.786985
0.787766
0.788546
0.789326
0.790105
0.790883
0.79166
0.792437
0.793213
0.793988
0.794763
0.795536
0.796309
0.797081
0.797853
0.798624
0.799394
0.800163
0.800931
0.801699
0.802466
0.803232
0.803998
0.804763
0.805527
0.80629
0.807053
0.807815
0.808576
0.809336
0.810096
0.810855
0.811613
0.81237
0.813127
0.813883
0.814638
0.815393
0.816147
0.8169
0.817652
0.818404
0.819155
0.819905
0.820654
0.821403
0.822151
0.822898
0.823645
0.824391
0.825136
0.82588
0.826624
0.827366
0.828109
0.82885
0.829591
0.830331
0.83107
0.831809
0.832546
0.833284
0.83402
0.834756
0.835491
0.836225
0.836958
0.837691
0.838423
0.839155
0.839885
0.840615
0.841345
0.842073
0.842801
0.843528
0.844255
0.84498
0.845705
0.84643
0.847153
0.847876
0.848598
0.84932
0.85004
0.85076
0.85148
0.852198
0.852916
0.853634
0.85435
0.855066
0.855781
0.856495
0.857209
0.857922
0.858634
0.859346
0.860057
0.860767
0.861477
0.862185
0.862894
0.863601
0.864308
0.865014
0.865719
0.866424
0.867128
0.867831
0.868534
0.869236
0.869937
0.870637
0.871337
0.872036
0.872735
0.873433
0.87413
0.874826
0.875522
0.876217
0.876911
0.877605
0.878298
0.87899
0.879682
0.880373
0.881063
0.881753
0.882442
0.88313
0.883817
0.884504
0.88519
0.885876
0.886561
0.887245
0.887929
0.888611
0.889294
0.889975
0.890656
0.891336
0.892016
0.892695
0.893373
0.89405
0.894727
0.895403
0.896079
0.896754
0.897428
0.898102
0.898774
0.899447
0.900118
0.900789
0.901459
0.902129
0.902798
0.903466
0.904134
0.904801
0.905467
0.906133
0.906798
0.907462
0.908126
0.908789
0.909451
0.910113
0.910774
0.911435
0.912095
0.912754
0.913412
0.91407
0.914727
0.915384
0.91604
0.916695
0.91735
0.918004
0.918658
0.91931
0.919963
0.920614
0.921265
0.921915
0.922565
0.923214
0.923862
0.92451
0.925157
0.925804
0.926449
0.927095
0.927739
0.928383
0.929027
0.929669
0.930312
0.930953
0.931594
0.932234
0.932874
0.933513
0.934151
0.934789
0.935426
0.936063
0.936699
0.937334
0.937969
0.938603
0.939236
0.939869
0.940501
0.941133
0.941764
0.942394
0.943024
0.943653
0.944282
0.94491
0.945537
0.946164
0.94679
0.947416
0.948041
0.948665
0.949289
0.949912
0.950534
0.951156
0.951778
0.952398
0.953018
0.953638
0.954257
0.954875
0.955493
0.95611
0.956727
0.957343
0.957958
0.958573
0.959187
0.959801
0.960414
0.961026
0.961638
0.962249
0.96286
0.96347
0.96408
0.964688
0.965297
0.965905
0.966512
0.967118
0.967724
0.96833
0.968935
0.969539
0.970143
0.970746
0.971348
0.97195
0.972552
0.973152
0.973753
0.974352
0.974951
0.97555
0.976148
0.976745
0.977342
0.977938
0.978534
0.979129
0.979724
0.980318
0.980911
0.981504
0.982096
0.982688
0.983279
0.98387
0.98446
0.985049
0.985638
0.986226
0.986814
0.987401
0.987988
0.988574
0.98916
0.989745
0.990329
0.990913
0.991497
0.99208
0.992662
0.993244
0.993825
0.994405
0.994985
0.995565
0.996144
0.996722
0.9973
0.997878
0.998454
0.999031
0.999606
1.00018
1.00076
1.00133
1.0019
1.00248
1.00305
1.00362
1.00419
1.00476
1.00533
1.0059
1.00647
1.00704
1.00761
1.00818
1.00875
1.00931
1.00988
1.01044
1.01101
1.01157
1.01214
1.0127
1.01326
1.01383
1.01439
1.01495
1.01551
1.01607
1.01663
1.01719
1.01775
1.01831
1.01886
1.01942
1.01998
1.02053
1.02109
1.02164
1.0222
1.02275
1.02331
1.02386
1.02441
1.02496
1.02552
1.02607
1.02662
1.02717
1.02772
1.02827
1.02882
1.02936
1.02991
1.03046
1.031
1.03155
1.0321
1.03264
1.03318
1.03373
1.03427
1.03482
1.03536
1.0359
1.03644
1.03698
1.03752
1.03806
1.0386
1.03914
1.03968
1.04022
1.04076
1.04129
1.04183
1.04237
1.0429
1.04344
1.04397
1.0445
1.04504
1.04557
1.0461
1.04664
1.04717
1.0477
1.04823
1.04876
1.04929
1.04982
1.05035
1.05088
1.0514
1.05193
1.05246
1.05299
1.05351
1.05404
1.05456
1.05509
1.05561
1.05613
1.05666
1.05718
1.0577
1.05822
1.05874
1.05927
1.05979
1.06031
1.06083
1.06134
1.06186
1.06238
1.0629
1.06342
1.06393
1.06445
1.06496
1.06548
1.06599
1.06651
1.06702
1.06754
1.06805
1.06856
1.06907
1.06958
1.0701
1.07061
1.07112
1.07163
1.07214
1.07264
1.07315
1.07366
1.07417
1.07468
1.07518
1.07569
1.07619
1.0767
1.0772
1.07771
1.07821
1.07872
1.07922
1.07972
1.08022
1.08073
1.08123
1.08173
1.08223
1.08273
1.08323
1.08373
1.08422
1.08472
1.08522
1.08572
1.08622
1.08671
1.08721
1.0877
1.0882
1.08869
1.08919
1.08968
1.09017
1.09067
1.09116
1.09165
1.09214
1.09264
1.09313
1.09362
1.09411
1.0946
1.09509
1.09557
1.09606
1.09655
1.09704
1.09753
1.09801
1.0985
1.09898
1.09947
1.09995
1.10044
1.10092
1.10141
1.10189
1.10237
1.10286
1.10334
1.10382
1.1043
1.10478
1.10526
1.10574
1.10622
1.1067
1.10718
1.10766
1.10814
1.10861
1.10909
1.10957
1.11004
1.11052
1.11099
1.11147
1.11194
1.11242
1.11289
1.11337
1.11384
1.11431
1.11478
1.11526
1.11573
1.1162
1.11667
1.11714
1.11761
1.11808
1.11855
1.11902
1.11948
1.11995
1.12042
1.12089
1.12135
1.12182
1.12229
1.12275
1.12322
1.12368
1.12415
1.12461
1.12507
1.12554
1.126
1.12646
1.12692
1.12739
1.12785
1.12831
1.12877
1.12923
1.12969
1.13015
1.13061
1.13106
1.13152
1.13198
1.13244
1.13289
1.13335
1.13381
1.13426
1.13472
1.13517
1.13563
1.13608
1.13654
1.13699
1.13744
1.1379
1.13835
1.1388
1.13925
1.1397
1.14016
1.14061
1.14106
1.14151
1.14196
1.1424
1.14285
1.1433
1.14375
1.1442
1.14464
1.14509
1.14554
1.14598
1.14643
1.14688
1.14732
1.14777
1.14821
1.14865
1.1491
1.14954
1.14998
1.15043
1.15087
1.15131
1.15175
1.15219
1.15263
1.15307
1.15351
1.15395
1.15439
1.15483
1.15527
1.15571
1.15615
1.15658
1.15702
1.15746
1.15789
1.15833
1.15876
1.1592
1.15964
1.16007
1.1605
1.16094
1.16137
1.1618
1.16224
1.16267
1.1631
1.16353
1.16397
1.1644
1.16483
1.16526
1.16569
1.16612
1.16655
1.16698
1.16741
1.16783
1.16826
1.16869
1.16912
1.16954
1.16997
1.1704
1.17082
1.17125
1.17167
1.1721
1.17252
1.17295
1.17337
1.1738
1.17422
1.17464
1.17506
1.17549
1.17591
1.17633
1.17675
1.17717
1.17759
1.17801
1.17843
1.17885
1.17927
1.17969
1.18011
1.18053
1.18095
1.18136
1.18178
1.1822
1.18261
1.18303
1.18345
1.18386
1.18428
1.18469
1.18511
1.18552
1.18593
1.18635
1.18676
1.18717
1.18759
1.188
1.18841
1.18882
1.18923
1.18965
1.19006
1.19047
1.19088
1.19129
1.1917
1.19211
1.19251
1.19292
1.19333
1.19374
1.19415
1.19455
1.19496
1.19537
1.19577
1.19618
1.19658
1.19699
1.1974
1.1978
1.1982
1.19861
1.19901
1.19942
1.19982
1.20022
1.20062
1.20103
1.20143
1.20183
1.20223
1.20263
1.20303
1.20343
1.20383
1.20423
1.20463
1.20503
1.20543
1.20583
1.20623
1.20663
1.20702
1.20742
1.20782
1.20821
1.20861
1.20901
1.2094
1.2098
1.21019
1.21059
1.21098
1.21138
1.21177
1.21216
1.21256
1.21295
1.21334
1.21374
1.21413
1.21452
1.21491
1.2153
1.21569
1.21609
1.21648
1.21687
1.21726
1.21765
1.21803
1.21842
1.21881
1.2192
1.21959
1.21998
1.22036
1.22075
1.22114
1.22152
1.22191
1.2223
1.22268
1.22307
1.22345
1.22384
1.22422
1.22461
1.22499
1.22538
1.22576
1.22614
1.22652
1.22691
1.22729
1.22767
1.22805
1.22843
1.22882
1.2292
1.22958
1.22996
1.23034
1.23072
1.2311
1.23148
1.23185
1.23223
1.23261
1.23299
1.23337
1.23374
1.23412
1.2345
1.23488
1.23525
1.23563
1.236
1.23638
1.23675
1.23713
1.2375
1.23788
1.23825
1.23863
1.239
1.23937
1.23975
1.24012
1.24049
1.24086
1.24124
1.24161
1.24198
1.24235
1.24272
1.24309
1.24346
1.24383
1.2442
1.24457
1.24494
1.24531
1.24568
1.24605
1.24641
1.24678
1.24715
1.24752
1.24788
1.24825
1.24862
1.24898
1.24935
1.24972
1.25008
1.25045
1.25081
1.25118
1.25154
1.2519
1.25227
1.25263
1.25299
1.25336
1.25372
1.25408
1.25445
1.25481
1.25517
1.25553
1.25589
1.25625
1.25661
1.25697
1.25733
1.25769
1.25805
1.25841
1.25877
1.25913
1.25949
1.25985
1.26021
1.26056
1.26092
1.26128
1.26164
1.26199
1.26235
1.26271
1.26306
1.26342
1.26377
1.26413
1.26448
1.26484
1.26519
1.26555
1.2659
1.26625
1.26661
1.26696
1.26731
1.26767
1.26802
1.26837
1.26872
1.26908
1.26943
1.26978
1.27013
1.27048
1.27083
1.27118
1.27153
1.27188
1.27223
1.27258
1.27293
1.27328
1.27363
1.27397
1.27432
1.27467
1.27502
1.27536
1.27571
1.27606
1.2764
1.27675
1.2771
1.27744
1.27779
1.27813
1.27848
1.27882
1.27917
1.27951
1.27986
1.2802
1.28054
1.28089
1.28123
1.28157
1.28192
1.28226
1.2826
1.28294
1.28328
1.28363
1.28397
1.28431
1.28465
1.28499
1.28533
1.28567
1.28601
1.28635
1.28669
1.28703
1.28737
1.2877
1.28804
1.28838
1.28872
1.28906
1.28939
1.28973
1.29007
1.2904
1.29074
1.29108
1.29141
1.29175
1.29208
1.29242
1.29276
1.29309
1.29342
1.29376
1.29409
1.29443
1.29476
1.29509
1.29543
1.29576
1.29609
1.29643
1.29676
1.29709
1.29742
1.29775
1.29809
1.29842
1.29875
1.29908
1.29941
1.29974
1.30007
1.3004
1.30073
1.30106
1.30139
1.30172
1.30205
1.30237
1.3027
1.30303
1.30336
1.30369
1.30401
1.30434
1.30467
1.30499
1.30532
1.30565
1.30597
1.3063
1.30662
1.30695
1.30727
1.3076
1.30792
1.30825
1.30857
1.3089
1.30922
1.30954
1.30987
1.31019
1.31051
1.31084
1.31116
1.31148
1.3118
1.31212
1.31245
1.31277
1.31309
1.31341
1.31373
1.31405
1.31437
1.31469
1.31501
1.31533
1.31565
1.31597
1.31629
1.31661
1.31693
1.31724
1.31756
1.31788
1.3182
1.31852
1.31883
1.31915
1.31947
1.31978
1.3201
1.32042
1.32073
1.32105
1.32136
1.32168
1.32199
1.32231
1.32262
1.32294
1.32325
1.32357
1.32388
1.3242
1.32451
1.32482
1.32514
1.32545
1.32576
1.32607
1.32639
1.3267
1.32701
1.32732
1.32763
1.32794
1.32825
1.32857
1.32888
1.32919
1.3295
1.32981
1.33012
1.33043
1.33074
1.33104
1.33135
1.33166
1.33197
1.33228
1.33259
1.3329
1.3332
1.33351
1.33382
1.33413
1.33443
1.33474
1.33505
1.33535
1.33566
1.33596
1.33627
1.33657
1.33688
1.33719
1.33749
1.33779
1.3381
1.3384
1.33871
1.33901
1.33932
1.33962
1.33992
1.34023
1.34053
1.34083
1.34113
1.34144
1.34174
1.34204
1.34234
1.34264
1.34294
1.34325
1.34355
1.34385
1.34415
1.34445
1.34475
1.34505
1.34535
1.34565
1.34595
1.34625
1.34655
1.34684
1.34714
1.34744
1.34774
1.34804
1.34834
1.34863
1.34893
1.34923
1.34952
1.34982
1.35012
1.35041
1.35071
1.35101
1.3513
1.3516
1.35189
1.35219
1.35248
1.35278
1.35307
1.35337
1.35366
1.35396
1.35425
1.35455
1.35484
1.35513
1.35543
1.35572
1.35601
1.3563
1.3566
1.35689
1.35718
1.35747
1.35776
1.35806
1.35835
1.35864
1.35893
1.35922
1.35951
1.3598
1.36009
1.36038
1.36067
1.36096
1.36125
1.36154
1.36183
1.36212
1.36241
1.3627
1.36298
1.36327
1.36356
1.36385
1.36414
1.36442
1.36471
1.365
1.36529
1.36557
1.36586
1.36615
1.36643
1.36672
1.367
1.36729
1.36757
1.36786
1.36815
1.36843
1.36871
1.369
1.36928
1.36957
1.36985
1.37014
1.37042
1.3707
1.37099
1.37127
1.37155
1.37184
1.37212
1.3724
1.37268
1.37297
1.37325
1.37353
1.37381
1.37409
1.37437
1.37465
1.37494
1.37522
1.3755
1.37578
1.37606
1.37634
1.37662
1.3769
1.37718
1.37746
1.37773
1.37801
1.37829
1.37857
1.37885
1.37913
1.37941
1.37968
1.37996
1.38024
1.38052
1.38079
1.38107
1.38135
1.38162
1.3819
1.38218
1.38245
1.38273
1.38301
1.38328
1.38356
1.38383
1.38411
1.38438
1.38466
1.38493
1.38521
1.38548
1.38575
1.38603
1.3863
1.38658
1.38685
1.38712
1.3874
1.38767
1.38794
1.38821
1.38849
1.38876
1.38903
1.3893
1.38957
1.38985
1.39012
1.39039
1.39066
1.39093
1.3912
1.39147
1.39174
1.39201
1.39228
1.39255
1.39282
1.39309
1.39336
1.39363
1.3939
1.39417
1.39444
1.39471
1.39498
1.39524
1.39551
1.39578
1.39605
1.39631
1.39658
1.39685
1.39712
1.39738
1.39765
1.39792
1.39818
1.39845
1.39872
1.39898
1.39925
1.39951
1.39978
1.40004
1.40031
1.40057
1.40084
1.4011
1.40137
1.40163
1.4019
1.40216
1.40243
1.40269
1.40295
1.40322
1.40348
1.40374
1.40401
1.40427
1.40453
1.40479
1.40506
1.40532
1.40558
1.40584
1.4061
1.40636
1.40663
1.40689
1.40715
1.40741
1.40767
1.40793
1.40819
1.40845
1.40871
1.40897
1.40923
1.40949
1.40975
1.41001
1.41027
1.41053
1.41079
1.41104
1.4113
1.41156
1.41182
1.41208
1.41234
1.41259
1.41285
1.41311
1.41337
1.41362
1.41388
1.41414
1.41439
1.41465
1.41491
1.41516
1.41542
1.41567
1.41593
1.41619
1.41644
1.4167
1.41695
1.41721
1.41746
1.41772
1.41797
1.41822
1.41848
1.41873
1.41899
1.41924
1.41949
1.41975
1.42
1.42025
1.42051
1.42076
1.42101
1.42126
1.42152
1.42177
1.42202
1.42227
1.42253
1.42278
1.42303
1.42328
1.42353
1.42378
1.42403
1.42428
1.42453
1.42478
1.42503
1.42528
1.42553
1.42578
1.42603
1.42628
1.42653
1.42678
1.42703
1.42728
1.42753
1.42778
1.42803
1.42828
1.42852
1.42877
1.42902
1.42927
1.42952
1.42976
1.43001
1.43026
1.4305
1.43075
1.431
1.43124
1.43149
1.43174
1.43198
1.43223
1.43248
1.43272
1.43297
1.43321
1.43346
1.4337
1.43395
1.43419
1.43444
1.43468
1.43493
1.43517
1.43542
1.43566
1.4359
1.43615
1.43639
1.43663
1.43688
1.43712
1.43736
1.43761
1.43785
1.43809
1.43833
1.43858
1.43882
1.43906
1.4393
1.43954
1.43979
1.44003
1.44027
1.44051
1.44075
1.44099
1.44123
1.44147
1.44171
1.44196
1.4422
1.44244
1.44268
1.44292
1.44315
1.44339
1.44363
1.44387
1.44411
1.44435
1.44459
1.44483
1.44507
1.44531
1.44554
1.44578
1.44602
1.44626
1.4465
1.44673
1.44697
1.44721
1.44745
1.44768
1.44792
1.44816
1.44839
1.44863
1.44887
1.4491
1.44934
1.44957
1.44981
1.45005
1.45028
1.45052
1.45075
1.45099
1.45122
1.45146
1.45169
1.45193
1.45216
1.45239
1.45263
1.45286
1.4531
1.45333
1.45356
1.4538
1.45403
1.45426
1.4545
1.45473
1.45496
1.4552
1.45543
1.45566
1.45589
1.45613
1.45636
1.45659
1.45682
1.45705
1.45728
1.45752
1.45775
1.45798
1.45821
1.45844
1.45867
1.4589
1.45913
1.45936
1.45959
1.45982
1.46005
1.46028
1.46051
1.46074
1.46097
1.4612
1.46143
1.46166
1.46189
1.46212
1.46234
1.46257
1.4628
1.46303
1.46326
1.46349
1.46371
1.46394
1.46417
1.4644
1.46462
1.46485
1.46508
1.4653
1.46553
1.46576
1.46598
1.46621
1.46644
1.46666
1.46689
1.46712
1.46734
1.46757
1.46779
1.46802
1.46824
1.46847
1.46869
1.46892
1.46914
1.46937
1.46959
1.46982
1.47004
1.47027
1.47049
1.47071
1.47094
1.47116
1.47138
1.47161
1.47183
1.47205
1.47228
1.4725
1.47272
1.47295
1.47317
1.47339
1.47361
1.47383
1.47406
1.47428
1.4745
1.47472
1.47494
1.47516
1.47539
1.47561
1.47583
1.47605
1.47627
1.47649
1.47671
1.47693
1.47715
1.47737
1.47759
1.47781
1.47803
1.47825
1.47847
1.47869
1.47891
1.47913
1.47935
1.47957
1.47979
1.48
1.48022
1.48044
1.48066
1.48088
1.4811
1.48131
1.48153
1.48175
1.48197
1.48218
1.4824
1.48262
1.48284
1.48305
1.48327
1.48349
1.4837
1.48392
1.48414
1.48435
1.48457
1.48478
1.485
1.48522
1.48543
1.48565
1.48586
1.48608
1.48629
1.48651
1.48672
1.48694
1.48715
1.48737
1.48758
1.4878
1.48801
1.48822
1.48844
1.48865
1.48887
1.48908
1.48929
1.48951
1.48972
1.48993
1.49015
1.49036
1.49057
1.49078
1.491
1.49121
1.49142
1.49163
1.49185
1.49206
1.49227
1.49248
1.49269
1.49291
1.49312
1.49333
1.49354
1.49375
1.49396
1.49417
1.49438
1.49459
1.4948
1.49501
1.49523
1.49544
1.49565
1.49586
1.49607
1.49627
1.49648
1.49669
1.4969
1.49711
1.49732
1.49753
1.49774
1.49795
1.49816
1.49837
1.49857
1.49878
1.49899
1.4992
1.49941
1.49961
1.49982
1.50003
1.50024
1.50044
1.50065
1.50086
1.50107
1.50127
1.50148
1.50169
1.50189
1.5021
1.50231
1.50251
1.50272
1.50292
1.50313
1.50334
1.50354
1.50375
1.50395
1.50416
1.50436
1.50457
1.50477
1.50498
1.50518
1.50539
1.50559
1.5058
1.506
1.50621
1.50641
1.50661
1.50682
1.50702
1.50723
1.50743
1.50763
1.50784
1.50804
1.50824
1.50845
1.50865
1.50885
1.50905
1.50926
1.50946
1.50966
1.50986
1.51007
1.51027
1.51047
1.51067
1.51087
1.51107
1.51128
1.51148
1.51168
1.51188
1.51208
1.51228
1.51248
1.51268
1.51288
1.51308
1.51329
1.51349
1.51369
1.51389
1.51409
1.51429
1.51449
1.51469
1.51488
1.51508
1.51528
1.51548
1.51568
1.51588
1.51608
1.51628
1.51648
1.51668
1.51687
1.51707
1.51727
1.51747
1.51767
1.51787
1.51806
1.51826
1.51846
1.51866
1.51885
1.51905
1.51925
1.51944
1.51964
1.51984
1.52004
1.52023
1.52043
1.52063
1.52082
1.52102
1.52121
1.52141
1.52161
1.5218
1.522
1.52219
1.52239
1.52258
1.52278
1.52297
1.52317
1.52336
1.52356
1.52375
1.52395
1.52414
1.52434
1.52453
1.52473
1.52492
1.52512
1.52531
1.5255
1.5257
1.52589
1.52608
1.52628
1.52647
1.52666
1.52686
1.52705
1.52724
1.52744
1.52763
1.52782
1.52801
1.52821
1.5284
1.52859
1.52878
1.52897
1.52917
1.52936
1.52955
1.52974
1.52993
1.53012
1.53032
1.53051
1.5307
1.53089
1.53108
1.53127
1.53146
1.53165
1.53184
1.53203
1.53222
1.53241
1.5326
1.53279
1.53298
1.53317
1.53336
1.53355
1.53374
1.53393
1.53412
1.53431
1.5345
1.53469
1.53488
1.53507
1.53525
1.53544
1.53563
1.53582
1.53601
1.5362
1.53638
1.53657
1.53676
1.53695
1.53714
1.53732
1.53751
1.5377
1.53789
1.53807
1.53826
1.53845
1.53863
1.53882
1.53901
1.53919
1.53938
1.53957
1.53975
1.53994
1.54013
1.54031
1.5405
1.54068
1.54087
1.54106
1.54124
1.54143
1.54161
1.5418
1.54198
1.54217
1.54235
1.54254
1.54272
1.54291
1.54309
1.54328
1.54346
1.54364
1.54383
1.54401
1.5442
1.54438
1.54456
1.54475
1.54493
1.54512
1.5453
1.54548
1.54567
1.54585
1.54603
1.54621
1.5464
1.54658
1.54676
1.54695
1.54713
1.54731
1.54749
1.54767
1.54786
1.54804
1.54822
1.5484
1.54858
1.54877
1.54895
1.54913
1.54931
1.54949
1.54967
1.54985
1.55003
1.55022
1.5504
1.55058
1.55076
1.55094
1.55112
1.5513
1.55148
1.55166
1.55184
1.55202
1.5522
1.55238
1.55256
1.55274
1.55292
1.5531
1.55328
1.55346
1.55363
1.55381
1.55399
1.55417
1.55435
1.55453
1.55471
1.55489
1.55506
1.55524
1.55542
1.5556
1.55578
1.55595
1.55613
1.55631
1.55649
1.55667
1.55684
1.55702
1.5572
1.55738
1.55755
1.55773
1.55791
1.55808
1.55826
1.55844
1.55861
1.55879
1.55897
1.55914
1.55932
1.55949
1.55967
1.55985
1.56002
1.5602
1.56037
1.56055
1.56072
1.5609
1.56108
1.56125
1.56143
1.5616
1.56178
1.56195
1.56213
1.5623
1.56247
1.56265
1.56282
1.563
1.56317
1.56335
1.56352
1.56369
1.56387
1.56404
1.56422
1.56439
1.56456
1.56474
1.56491
1.56508
1.56526
1.56543
1.5656
1.56577
1.56595
1.56612
1.56629
1.56647
1.56664
1.56681
1.56698
1.56715
1.56733
1.5675
1.56767
1.56784
1.56801
1.56819
1.56836
1.56853
1.5687
1.56887
1.56904
1.56921
1.56939
1.56956
1.56973
1.5699
1.57007
1.57024
1.57041
1.57058
1.57075
1.57092
1.57109
1.57126
1.57143
1.5716
1.57177
1.57194
1.57211
1.57228
1.57245
1.57262
1.57279
1.57296
1.57313
1.5733
1.57346
1.57363
1.5738
1.57397
1.57414
1.57431
1.57448
1.57465
1.57481
1.57498
1.57515
1.57532
1.57549
1.57565
1.57582
1.57599
1.57616
1.57633
1.57649
1.57666
1.57683
1.57699
1.57716
1.57733
1.5775
1.57766
1.57783
1.578
1.57816
1.57833
1.5785
1.57866
1.57883
1.57899
1.57916
1.57933
1.57949
1.57966
1.57982
1.57999
1.58016
1.58032
1.58049
1.58065
1.58082
1.58098
1.58115
1.58131
1.58148
1.58164
1.58181
1.58197
1.58214
1.5823
1.58247
1.58263
1.58279
1.58296
1.58312
1.58329
1.58345
1.58362
1.58378
1.58394
1.58411
1.58427
1.58443
1.5846
1.58476
1.58492
1.58509
1.58525
1.58541
1.58558
1.58574
1.5859
1.58606
1.58623
1.58639
1.58655
1.58671
1.58688
1.58704
1.5872
1.58736
1.58752
1.58769
1.58785
1.58801
1.58817
1.58833
1.58849
1.58866
1.58882
1.58898
1.58914
1.5893
1.58946
1.58962
1.58978
1.58994
1.59011
1.59027
1.59043
1.59059
1.59075
1.59091
1.59107
1.59123
1.59139
1.59155
1.59171
1.59187
1.59203
1.59219
1.59235
1.59251
1.59267
1.59282
1.59298
1.59314
1.5933
1.59346
1.59362
1.59378
1.59394
1.5941
1.59426
1.59441
1.59457
1.59473
1.59489
1.59505
1.59521
1.59536
1.59552
1.59568
1.59584
1.59599
1.59615
1.59631
1.59647
1.59663
1.59678
1.59694
1.5971
1.59725
1.59741
1.59757
1.59773
1.59788
1.59804
1.5982
1.59835
1.59851
1.59867
1.59882
1.59898
1.59913
1.59929
1.59945
1.5996
1.59976
1.59991
1.60007
1.60023
1.60038
1.60054
1.60069
1.60085
1.601
1.60116
1.60131
1.60147
1.60162
1.60178
1.60193
1.60209
1.60224
1.6024
1.60255
1.60271
1.60286
1.60302
1.60317
1.60332
1.60348
1.60363
1.60379
1.60394
1.60409
1.60425
1.6044
1.60455
1.60471
1.60486
1.60501
1.60517
1.60532
1.60547
1.60563
1.60578
1.60593
1.60609
1.60624
1.60639
1.60654
1.6067
1.60685
1.607
1.60715
1.60731
1.60746
1.60761
1.60776
1.60791
1.60807
1.60822
1.60837
1.60852
1.60867
1.60882
1.60898
1.60913
1.60928
1.60943
1.60958
1.60973
1.60988
1.61003
1.61018
1.61033
1.61049
1.61064
1.61079
1.61094
1.61109
1.61124
1.61139
1.61154
1.61169
1.61184
1.61199
1.61214
1.61229
1.61244
1.61259
1.61274
1.61289
1.61304
1.61319
1.61333
1.61348
1.61363
1.61378
1.61393
1.61408
1.61423
1.61438
1.61453
1.61468
1.61482
1.61497
1.61512
1.61527
1.61542
1.61557
1.61571
1.61586
1.61601
1.61616
1.61631
1.61645
1.6166
1.61675
1.6169
1.61704
1.61719
1.61734
1.61749
1.61763
1.61778
1.61793
1.61807
1.61822
1.61837
1.61852
1.61866
1.61881
1.61896
1.6191
1.61925
1.61939
1.61954
1.61969
1.61983
1.61998
1.62013
1.62027
1.62042
1.62056
1.62071
1.62085
1.621
1.62115
1.62129
1.62144
1.62158
1.62173
1.62187
1.62202
1.62216
1.62231
1.62245
1.6226
1.62274
1.62289
1.62303
1.62318
1.62332
1.62347
1.62361
1.62375
1.6239
1.62404
1.62419
1.62433
1.62447
1.62462
1.62476
1.62491
1.62505
1.62519
1.62534
1.62548
1.62562
1.62577
1.62591
1.62605
1.6262
1.62634
1.62648
1.62663
1.62677
1.62691
1.62705
1.6272
1.62734
1.62748
1.62762
1.62777
1.62791
1.62805
1.62819
1.62834
1.62848
1.62862
1.62876
1.6289
1.62904
1.62919
1.62933
1.62947
1.62961
1.62975
1.62989
1.63004
1.63018
1.63032
1.63046
1.6306
1.63074
1.63088
1.63102
1.63116
1.6313
1.63144
1.63159
1.63173
1.63187
1.63201
1.63215
1.63229
1.63243
1.63257
1.63271
1.63285
1.63299
1.63313
1.63327
1.63341
1.63355
1.63369
1.63383
1.63396
1.6341
1.63424
1.63438
1.63452
1.63466
1.6348
1.63494
1.63508
1.63522
1.63536
1.63549
1.63563
1.63577
1.63591
1.63605
1.63619
1.63633
1.63646
1.6366
1.63674
1.63688
1.63702
1.63715
1.63729
1.63743
1.63757
1.6377
1.63784
1.63798
1.63812
1.63825
1.63839
1.63853
1.63867
1.6388
1.63894
1.63908
1.63921
1.63935
1.63949
1.63963
1.63976
1.6399
1.64004
1.64017
1.64031
1.64044
1.64058
1.64072
1.64085
1.64099
1.64113
1.64126
1.6414
1.64153
1.64167
1.6418
1.64194
1.64208
1.64221
1.64235
1.64248
1.64262
1.64275
1.64289
1.64302
1.64316
1.64329
1.64343
1.64356
1.6437
1.64383
1.64397
1.6441
1.64424
1.64437
1.64451
1.64464
1.64478
1.64491
1.64504
1.64518
1.64531
1.64545
1.64558
1.64571
1.64585
1.64598
1.64612
1.64625
1.64638
1.64652
1.64665
1.64678
1.64692
1.64705
1.64718
1.64732
1.64745
1.64758
1.64772
1.64785
1.64798
1.64811
1.64825
1.64838
1.64851
1.64864
1.64878
1.64891
1.64904
1.64917
1.64931
1.64944
1.64957
1.6497
1.64984
1.64997
1.6501
1.65023
1.65036
1.65049
1.65063
1.65076
1.65089
1.65102
1.65115
1.65128
1.65141
1.65155
1.65168
1.65181
1.65194
1.65207
1.6522
1.65233
1.65246
1.65259
1.65272
1.65285
1.65298
1.65312
1.65325
1.65338
1.65351
1.65364
1.65377
1.6539
1.65403
1.65416
1.65429
1.65442
1.65455
1.65468
1.65481
1.65494
1.65507
1.65519
1.65532
1.65545
1.65558
1.65571
1.65584
1.65597
1.6561
1.65623
1.65636
1.65649
1.65662
1.65674
1.65687
1.657
1.65713
1.65726
1.65739
1.65752
1.65764
1.65777
1.6579
1.65803
1.65816
1.65829
1.65841
1.65854
1.65867
1.6588
1.65892
1.65905
1.65918
1.65931
1.65944
1.65956
1.65969
1.65982
1.65995
1.66007
1.6602
1.66033
1.66045
1.66058
1.66071
1.66083
1.66096
1.66109
1.66122
1.66134
1.66147
1.66159
1.66172
1.66185
1.66197
1.6621
1.66223
1.66235
1.66248
1.66261
1.66273
1.66286
1.66298
1.66311
1.66324
1.66336
1.66349
1.66361
1.66374
1.66386
1.66399
1.66411
1.66424
1.66436
1.66449
1.66462
1.66474
1.66487
1.66499
1.66512
1.66524
1.66536
1.66549
1.66561
1.66574
1.66586
1.66599
1.66611
1.66624
1.66636
1.66649
1.66661
1.66673
1.66686
1.66698
1.66711
1.66723
1.66735
1.66748
1.6676
1.66773
1.66785
1.66797
1.6681
1.66822
1.66834
1.66847
1.66859
1.66871
1.66884
1.66896
1.66908
1.66921
1.66933
1.66945
1.66958
1.6697
1.66982
1.66994
1.67007
1.67019
1.67031
1.67043
1.67056
1.67068
1.6708
1.67092
1.67105
1.67117
1.67129
1.67141
1.67153
1.67166
1.67178
1.6719
1.67202
1.67214
1.67227
1.67239
1.67251
1.67263
1.67275
1.67287
1.67299
1.67312
1.67324
1.67336
1.67348
1.6736
1.67372
1.67384
1.67396
1.67408
1.6742
1.67433
1.67445
1.67457
1.67469
1.67481
1.67493
1.67505
1.67517
1.67529
1.67541
1.67553
1.67565
1.67577
1.67589
1.67601
1.67613
1.67625
1.67637
1.67649
1.67661
1.67673
1.67685
1.67697
1.67709
1.67721
1.67733
1.67745
1.67756
1.67768
1.6778
1.67792
1.67804
1.67816
1.67828
1.6784
1.67852
1.67864
1.67875
1.67887
1.67899
1.67911
1.67923
1.67935
1.67947
1.67958
1.6797
1.67982
1.67994
1.68006
1.68018
1.68029
1.68041
1.68053
1.68065
1.68077
1.68088
1.681
1.68112
1.68124
1.68135
1.68147
1.68159
1.68171
1.68182
1.68194
1.68206
1.68218
1.68229
1.68241
1.68253
1.68264
1.68276
1.68288
1.68299
1.68311
1.68323
1.68334
1.68346
1.68358
1.68369
1.68381
1.68393
1.68404
1.68416
1.68428
1.68439
1.68451
1.68462
1.68474
1.68486
1.68497
1.68509
1.6852
1.68532
1.68544
1.68555
1.68567
1.68578
1.6859
1.68601
1.68613
1.68624
1.68636
1.68647
1.68659
1.68671
1.68682
1.68694
1.68705
1.68717
1.68728
1.68739
1.68751
1.68762
1.68774
1.68785
1.68797
1.68808
1.6882
1.68831
1.68843
1.68854
1.68865
1.68877
1.68888
1.689
1.68911
1.68923
1.68934
1.68945
1.68957
1.68968
1.6898
1.68991
1.69002
1.69014
1.69025
1.69036
1.69048
1.69059
1.6907
1.69082
1.69093
1.69104
1.69116
1.69127
1.69138
1.6915
1.69161
1.69172
1.69183
1.69195
1.69206
1.69217
1.69229
1.6924
1.69251
1.69262
1.69274
1.69285
1.69296
1.69307
1.69318
1.6933
1.69341
1.69352
1.69363
1.69375
1.69386
1.69397
1.69408
1.69419
1.6943
1.69442
1.69453
1.69464
1.69475
1.69486
1.69497
1.69509
1.6952
1.69531
1.69542
1.69553
1.69564
1.69575
1.69586
1.69598
1.69609
1.6962
1.69631
1.69642
1.69653
1.69664
1.69675
1.69686
1.69697
1.69708
1.69719
1.6973
1.69741
1.69752
1.69763
1.69775
1.69786
1.69797
1.69808
1.69819
1.6983
1.69841
1.69852
1.69863
1.69874
1.69884
1.69895
1.69906
1.69917
1.69928
1.69939
1.6995
1.69961
1.69972
1.69983
1.69994
1.70005
1.70016
1.70027
1.70038
1.70049
1.70059
1.7007
1.70081
1.70092
1.70103
1.70114
1.70125
1.70136
1.70146
1.70157
1.70168
1.70179
1.7019
1.70201
1.70212
1.70222
1.70233
1.70244
1.70255
1.70266
1.70276
1.70287
1.70298
1.70309
1.7032
1.7033
1.70341
1.70352
1.70363
1.70373
1.70384
1.70395
1.70406
1.70416
1.70427
1.70438
1.70449
1.70459
1.7047
1.70481
1.70491
1.70502
1.70513
1.70524
1.70534
1.70545
1.70556
1.70566
1.70577
1.70588
1.70598
1.70609
1.7062
1.7063
1.70641
1.70651
1.70662
1.70673
1.70683
1.70694
1.70705
1.70715
1.70726
1.70736
1.70747
1.70758
1.70768
1.70779
1.70789
1.708
1.7081
1.70821
1.70832
1.70842
1.70853
1.70863
1.70874
1.70884
1.70895
1.70905
1.70916
1.70926
1.70937
1.70947
1.70958
1.70968
1.70979
1.70989
1.71
1.7101
1.71021
1.71031
1.71042
1.71052
1.71063
1.71073
1.71084
1.71094
1.71105
1.71115
1.71125
1.71136
1.71146
1.71157
1.71167
1.71177
1.71188
1.71198
1.71209
1.71219
1.71229
1.7124
1.7125
1.71261
1.71271
1.71281
1.71292
1.71302
1.71312
1.71323
1.71333
1.71343
1.71354
1.71364
1.71374
1.71385
1.71395
1.71405
1.71416
1.71426
1.71436
1.71446
1.71457
1.71467
1.71477
1.71488
1.71498
1.71508
1.71518
1.71529
1.71539
1.71549
1.71559
1.7157
1.7158
1.7159
1.716
1.71611
1.71621
1.71631
1.71641
1.71651
1.71662
1.71672
1.71682
1.71692
1.71702
1.71712
1.71723
1.71733
1.71743
1.71753
1.71763
1.71773
1.71784
1.71794
1.71804
1.71814
1.71824
1.71834
1.71844
1.71854
1.71865
1.71875
1.71885
1.71895
1.71905
1.71915
1.71925
1.71935
1.71945
1.71955
1.71965
1.71976
1.71986
1.71996
1.72006
1.72016
1.72026
1.72036
1.72046
1.72056
1.72066
1.72076
1.72086
1.72096
1.72106
1.72116
1.72126
1.72136
1.72146
1.72156
1.72166
1.72176
1.72186
1.72196
1.72206
1.72216
1.72226
1.72236
1.72246
1.72256
1.72265
1.72275
1.72285
1.72295
1.72305
1.72315
1.72325
1.72335
1.72345
1.72355
1.72365
1.72374
1.72384
1.72394
1.72404
1.72414
1.72424
1.72434
1.72444
1.72453
1.72463
1.72473
1.72483
1.72493
1.72503
1.72512
1.72522
1.72532
1.72542
1.72552
1.72562
1.72571
1.72581
1.72591
1.72601
1.72611
1.7262
1.7263
1.7264
1.7265
1.72659
1.72669
1.72679
1.72689
1.72698
1.72708
1.72718
1.72728
1.72737
1.72747
1.72757
1.72767
1.72776
1.72786
1.72796
1.72805
1.72815
1.72825
1.72835
1.72844
1.72854
1.72864
1.72873
1.72883
1.72893
1.72902
1.72912
1.72922
1.72931
1.72941
1.72951
1.7296
1.7297
1.72979
1.72989
1.72999
1.73008
1.73018
1.73028
1.73037
1.73047
1.73056
1.73066
1.73076
1.73085
1.73095
1.73104
1.73114
1.73123
1.73133
1.73143
1.73152
1.73162
1.73171
1.73181
1.7319
1.732
1.73209
1.73219
1.73228
1.73238
1.73248
1.73257
1.73267
1.73276
1.73286
1.73295
1.73305
1.73314
1.73324
1.73333
1.73342
1.73352
1.73361
1.73371
1.7338
1.7339
1.73399
1.73409
1.73418
1.73428
1.73437
1.73446
1.73456
1.73465
1.73475
1.73484
1.73494
1.73503
1.73512
1.73522
1.73531
1.73541
1.7355
1.73559
1.73569
1.73578
1.73588
1.73597
1.73606
1.73616
1.73625
1.73634
1.73644
1.73653
1.73662
1.73672
1.73681
1.7369
1.737
1.73709
1.73718
1.73728
1.73737
1.73746
1.73756
1.73765
1.73774
1.73783
1.73793
1.73802
1.73811
1.73821
1.7383
1.73839
1.73848
1.73858
1.73867
1.73876
1.73885
1.73895
1.73904
1.73913
1.73922
1.73932
1.73941
1.7395
1.73959
1.73968
1.73978
1.73987
1.73996
1.74005
1.74014
1.74024
1.74033
1.74042
1.74051
1.7406
1.7407
1.74079
1.74088
1.74097
1.74106
1.74115
1.74125
1.74134
1.74143
1.74152
1.74161
1.7417
1.74179
1.74188
1.74198
1.74207
1.74216
1.74225
1.74234
1.74243
1.74252
1.74261
1.7427
1.74279
1.74289
1.74298
1.74307
1.74316
1.74325
1.74334
1.74343
1.74352
1.74361
1.7437
1.74379
1.74388
1.74397
1.74406
1.74415
1.74424
1.74433
1.74442
1.74451
1.7446
1.74469
1.74478
1.74487
1.74496
1.74505
1.74514
1.74523
1.74532
1.74541
1.7455
1.74559
1.74568
1.74577
1.74586
1.74595
1.74604
1.74613
1.74622
1.74631
1.7464
1.74649
1.74657
1.74666
1.74675
1.74684
1.74693
1.74702
1.74711
1.7472
1.74729
1.74738
1.74747
1.74755
1.74764
1.74773
1.74782
1.74791
1.748
1.74809
1.74817
1.74826
1.74835
1.74844
1.74853
1.74862
1.74871
1.74879
1.74888
1.74897
1.74906
1.74915
1.74923
1.74932
1.74941
1.7495
1.74959
1.74967
1.74976
1.74985
1.74994
1.75003
1.75011
1.7502
1.75029
1.75038
1.75046
1.75055
1.75064
1.75073
1.75081
1.7509
1.75099
1.75108
1.75116
1.75125
1.75134
1.75143
1.75151
1.7516
1.75169
1.75177
1.75186
1.75195
1.75204
1.75212
1.75221
1.7523
1.75238
1.75247
1.75256
1.75264
1.75273
1.75282
1.7529
1.75299
1.75308
1.75316
1.75325
1.75334
1.75342
1.75351
1.75359
1.75368
1.75377
1.75385
1.75394
1.75403
1.75411
1.7542
1.75428
1.75437
1.75446
1.75454
1.75463
1.75471
1.7548
1.75489
1.75497
1.75506
1.75514
1.75523
1.75531
1.7554
1.75548
1.75557
1.75566
1.75574
1.75583
1.75591
1.756
1.75608
1.75617
1.75625
1.75634
1.75642
1.75651
1.75659
1.75668
1.75676
1.75685
1.75693
1.75702
1.7571
1.75719
1.75727
1.75736
1.75744
1.75753
1.75761
1.7577
1.75778
1.75787
1.75795
1.75803
1.75812
1.7582
1.75829
1.75837
1.75846
1.75854
1.75862
1.75871
1.75879
1.75888
1.75896
1.75905
1.75913
1.75921
1.7593
1.75938
1.75947
1.75955
1.75963
1.75972
1.7598
1.75988
1.75997
1.76005
1.76014
1.76022
1.7603
1.76039
1.76047
1.76055
1.76064
1.76072
1.7608
1.76089
1.76097
1.76105
1.76114
1.76122
1.7613
1.76139
1.76147
1.76155
1.76163
1.76172
1.7618
1.76188
1.76197
1.76205
1.76213
1.76221
1.7623
1.76238
1.76246
1.76255
1.76263
1.76271
1.76279
1.76288
1.76296
1.76304
1.76312
1.76321
1.76329
1.76337
1.76345
1.76353
1.76362
1.7637
1.76378
1.76386
1.76395
1.76403
1.76411
1.76419
1.76427
1.76435
1.76444
1.76452
1.7646
1.76468
1.76476
1.76485
1.76493
1.76501
1.76509
1.76517
1.76525
1.76534
1.76542
1.7655
1.76558
1.76566
1.76574
1.76582
1.7659
1.76599
1.76607
1.76615
1.76623
1.76631
1.76639
1.76647
1.76655
1.76663
1.76672
1.7668
1.76688
1.76696
1.76704
1.76712
1.7672
1.76728
1.76736
1.76744
1.76752
1.7676
1.76768
1.76776
1.76784
1.76793
1.76801
1.76809
1.76817
1.76825
1.76833
1.76841
1.76849
1.76857
1.76865
1.76873
1.76881
1.76889
1.76897
1.76905
1.76913
1.76921
1.76929
1.76937
1.76945
1.76953
1.76961
1.76969
1.76977
1.76985
1.76993
1.77001
1.77008
1.77016
1.77024
1.77032
1.7704
1.77048
1.77056
1.77064
1.77072
1.7708
1.77088
1.77096
1.77104
1.77112
1.7712
1.77127
1.77135
1.77143
1.77151
1.77159
1.77167
1.77175
1.77183
1.77191
1.77198
1.77206
1.77214
1.77222
1.7723
1.77238
1.77246
1.77253
1.77261
1.77269
1.77277
1.77285
1.77293
1.77301
1.77308
1.77316
1.77324
1.77332
1.7734
1.77348
1.77355
1.77363
1.77371
1.77379
1.77387
1.77394
1.77402
1.7741
1.77418
1.77426
1.77433
1.77441
1.77449
1.77457
1.77464
1.77472
1.7748
1.77488
1.77495
1.77503
1.77511
1.77519
1.77526
1.77534
1.77542
1.7755
1.77557
1.77565
1.77573
1.77581
1.77588
1.77596
1.77604
1.77611
1.77619
1.77627
1.77635
1.77642
1.7765
1.77658
1.77665
1.77673
1.77681
1.77688
1.77696
1.77704
1.77711
1.77719
1.77727
1.77734
1.77742
1.7775
1.77757
1.77765
1.77773
1.7778
1.77788
1.77796
1.77803
1.77811
1.77819
1.77826
1.77834
1.77841
1.77849
1.77857
1.77864
1.77872
1.77879
1.77887
1.77895
1.77902
1.7791
1.77917
1.77925
1.77933
1.7794
1.77948
1.77955
1.77963
1.7797
1.77978
1.77986
1.77993
1.78001
1.78008
1.78016
1.78023
1.78031
1.78038
1.78046
1.78053
1.78061
1.78069
1.78076
1.78084
1.78091
1.78099
1.78106
1.78114
1.78121
1.78129
1.78136
1.78144
1.78151
1.78159
1.78166
1.78174
1.78181
1.78189
1.78196
1.78204
1.78211
1.78218
1.78226
1.78233
1.78241
1.78248
1.78256
1.78263
1.78271
1.78278
1.78286
1.78293
1.783
1.78308
1.78315
1.78323
1.7833
1.78338
1.78345
1.78352
1.7836
1.78367
1.78375
1.78382
1.78389
1.78397
1.78404
1.78412
1.78419
1.78426
1.78434
1.78441
1.78449
1.78456
1.78463
1.78471
1.78478
1.78485
1.78493
1.785
1.78507
1.78515
1.78522
1.78529
1.78537
1.78544
1.78551
1.78559
1.78566
1.78573
1.78581
1.78588
1.78595
1.78603
1.7861
1.78617
1.78625
1.78632
1.78639
1.78647
1.78654
1.78661
1.78668
1.78676
1.78683
1.7869
1.78698
1.78705
1.78712
1.78719
1.78727
1.78734
1.78741
1.78748
1.78756
1.78763
1.7877
1.78777
1.78785
1.78792
1.78799
1.78806
1.78814
1.78821
1.78828
1.78835
1.78842
1.7885
1.78857
1.78864
1.78871
1.78879
1.78886
1.78893
1.789
1.78907
1.78915
1.78922
1.78929
1.78936
1.78943
1.7895
1.78958
1.78965
1.78972
1.78979
1.78986
1.78993
1.79001
1.79008
1.79015
1.79022
1.79029
1.79036
1.79043
1.79051
1.79058
1.79065
1.79072
1.79079
1.79086
1.79093
1.791
1.79108
1.79115
1.79122
1.79129
1.79136
1.79143
1.7915
1.79157
1.79164
1.79171
1.79179
1.79186
1.79193
1.792
1.79207
1.79214
1.79221
1.79228
1.79235
1.79242
1.79249
1.79256
1.79263
1.7927
1.79277
1.79285
1.79292
1.79299
1.79306
1.79313
1.7932
1.79327
1.79334
1.79341
1.79348
1.79355
1.79362
1.79369
1.79376
1.79383
1.7939
1.79397
1.79404
1.79411
1.79418
1.79425
1.79432
1.79439
1.79446
1.79453
1.7946
1.79467
1.79474
1.79481
1.79488
1.79495
1.79502
1.79509
1.79515
1.79522
1.79529
1.79536
1.79543
1.7955
1.79557
1.79564
1.79571
1.79578
1.79585
1.79592
1.79599
1.79606
1.79613
1.79619
1.79626
1.79633
1.7964
1.79647
1.79654
1.79661
1.79668
1.79675
1.79682
1.79688
1.79695
1.79702
1.79709
1.79716
1.79723
1.7973
1.79737
1.79743
1.7975
1.79757
1.79764
1.79771
1.79778
1.79785
1.79791
1.79798
1.79805
1.79812
1.79819
1.79826
1.79832
1.79839
1.79846
1.79853
1.7986
1.79866
1.79873
1.7988
1.79887
1.79894
1.79901
1.79907
1.79914
1.79921
1.79928
1.79934
1.79941
1.79948
1.79955
1.79962
1.79968
1.79975
1.79982
1.79989
1.79995
1.80002
1.80009
1.80016
1.80023
1.80029
1.80036
1.80043
1.8005
1.80056
1.80063
1.8007
1.80076
1.80083
1.8009
1.80097
1.80103
1.8011
1.80117
1.80124
1.8013
1.80137
1.80144
1.8015
1.80157
1.80164
1.8017
1.80177
1.80184
1.80191
1.80197
1.80204
1.80211
1.80217
1.80224
1.80231
1.80237
1.80244
1.80251
1.80257
1.80264
1.80271
1.80277
1.80284
1.80291
1.80297
1.80304
1.8031
1.80317
1.80324
1.8033
1.80337
1.80344
1.8035
1.80357
1.80364
1.8037
1.80377
1.80383
1.8039
1.80397
1.80403
1.8041
1.80416
1.80423
1.8043
1.80436
1.80443
1.80449
1.80456
1.80463
1.80469
1.80476
1.80482
1.80489
1.80495
1.80502
1.80509
1.80515
1.80522
1.80528
1.80535
1.80541
1.80548
1.80554
1.80561
1.80568
1.80574
1.80581
1.80587
1.80594
1.806
1.80607
1.80613
1.8062
1.80626
1.80633
1.80639
1.80646
1.80652
1.80659
1.80665
1.80672
1.80678
1.80685
1.80691
1.80698
1.80704
1.80711
1.80717
1.80724
1.8073
1.80737
1.80743
1.8075
1.80756
1.80763
1.80769
1.80776
1.80782
1.80788
1.80795
1.80801
1.80808
1.80814
1.80821
1.80827
1.80834
1.8084
1.80846
1.80853
1.80859
1.80866
1.80872
1.80879
1.80885
1.80891
1.80898
1.80904
1.80911
1.80917
1.80923
1.8093
1.80936
1.80943
1.80949
1.80955
1.80962
1.80968
1.80975
1.80981
1.80987
1.80994
1.81
1.81006
1.81013
1.81019
1.81026
1.81032
1.81038
1.81045
1.81051
1.81057
1.81064
1.8107
1.81076
1.81083
1.81089
1.81095
1.81102
1.81108
1.81114
1.81121
1.81127
1.81133
1.8114
1.81146
1.81152
1.81159
1.81165
1.81171
1.81178
1.81184
1.8119
1.81196
1.81203
1.81209
1.81215
1.81222
1.81228
1.81234
1.81241
1.81247
1.81253
1.81259
1.81266
1.81272
1.81278
1.81284
1.81291
1.81297
1.81303
1.81309
1.81316
1.81322
1.81328
1.81334
1.81341
1.81347
1.81353
1.81359
1.81366
1.81372
1.81378
1.81384
1.81391
1.81397
1.81403
1.81409
1.81415
1.81422
1.81428
1.81434
1.8144
1.81446
1.81453
1.81459
1.81465
1.81471
1.81477
1.81484
1.8149
1.81496
1.81502
1.81508
1.81515
1.81521
1.81527
1.81533
1.81539
1.81545
1.81552
1.81558
1.81564
1.8157
1.81576
1.81582
1.81588
1.81595
1.81601
1.81607
1.81613
1.81619
1.81625
1.81631
1.81638
1.81644
1.8165
1.81656
1.81662
1.81668
1.81674
1.8168
1.81686
1.81693
1.81699
1.81705
1.81711
1.81717
1.81723
1.81729
1.81735
1.81741
1.81747
1.81754
1.8176
1.81766
1.81772
1.81778
1.81784
1.8179
1.81796
1.81802
1.81808
1.81814
1.8182
1.81826
1.81832
1.81838
1.81845
1.81851
1.81857
1.81863
1.81869
1.81875
1.81881
1.81887
1.81893
1.81899
1.81905
1.81911
1.81917
1.81923
1.81929
1.81935
1.81941
1.81947
1.81953
1.81959
1.81965
1.81971
1.81977
1.81983
1.81989
1.81995
1.82001
1.82007
1.82013
1.82019
1.82025
1.82031
1.82037
1.82043
1.82049
1.82055
1.82061
1.82067
1.82073
1.82079
1.82085
1.82091
1.82097
1.82102
1.82108
1.82114
1.8212
1.82126
1.82132
1.82138
1.82144
1.8215
1.82156
1.82162
1.82168
1.82174
1.8218
1.82186
1.82191
1.82197
1.82203
1.82209
1.82215
1.82221
1.82227
1.82233
1.82239
1.82245
1.82251
1.82256
1.82262
1.82268
1.82274
1.8228
1.82286
1.82292
1.82298
1.82303
1.82309
1.82315
1.82321
1.82327
1.82333
1.82339
1.82345
1.8235
1.82356
1.82362
1.82368
1.82374
1.8238
1.82385
1.82391
1.82397
1.82403
1.82409
1.82415
1.8242
1.82426
1.82432
1.82438
1.82444
1.8245
1.82455
1.82461
1.82467
1.82473
1.82479
1.82484
1.8249
1.82496
1.82502
1.82508
1.82513
1.82519
1.82525
1.82531
1.82537
1.82542
1.82548
1.82554
1.8256
1.82566
1.82571
1.82577
1.82583
1.82589
1.82594
1.826
1.82606
1.82612
1.82617
1.82623
1.82629
1.82635
1.8264
1.82646
1.82652
1.82658
1.82663
1.82669
1.82675
1.82681
1.82686
1.82692
1.82698
1.82703
1.82709
1.82715
1.82721
1.82726
1.82732
1.82738
1.82743
1.82749
1.82755
1.82761
1.82766
1.82772
1.82778
1.82783
1.82789
1.82795
1.828
1.82806
1.82812
1.82817
1.82823
1.82829
1.82834
1.8284
1.82846
1.82851
1.82857
1.82863
1.82868
1.82874
1.8288
1.82885
1.82891
1.82897
1.82902
1.82908
1.82914
1.82919
1.82925
1.82931
1.82936
1.82942
1.82947
1.82953
1.82959
1.82964
1.8297
1.82976
1.82981
1.82987
1.82992
1.82998
1.83004
1.83009
1.83015
1.8302
1.83026
1.83032
1.83037
1.83043
1.83048
1.83054
1.8306
1.83065
1.83071
1.83076
1.83082
1.83088
1.83093
1.83099
1.83104
1.8311
1.83115
1.83121
1.83127
1.83132
1.83138
1.83143
1.83149
1.83154
1.8316
1.83165
1.83171
1.83177
1.83182
1.83188
1.83193
1.83199
1.83204
1.8321
1.83215
1.83221
1.83226
1.83232
1.83237
1.83243
1.83248
1.83254
1.83259
1.83265
1.8327
1.83276
1.83281
1.83287
1.83292
1.83298
1.83303
1.83309
1.83314
1.8332
1.83325
1.83331
1.83336
1.83342
1.83347
1.83353
1.83358
1.83364
1.83369
1.83375
1.8338
1.83386
1.83391
1.83397
1.83402
1.83407
1.83413
1.83418
1.83424
1.83429
1.83435
1.8344
1.83446
1.83451
1.83457
1.83462
1.83467
1.83473
1.83478
1.83484
1.83489
1.83495
1.835
1.83505
1.83511
1.83516
1.83522
1.83527
1.83532
1.83538
1.83543
1.83549
1.83554
1.83559
1.83565
1.8357
1.83576
1.83581
1.83586
1.83592
1.83597
1.83603
1.83608
1.83613
1.83619
1.83624
1.83629
1.83635
1.8364
1.83646
1.83651
1.83656
1.83662
1.83667
1.83672
1.83678
1.83683
1.83688
1.83694
1.83699
1.83705
1.8371
1.83715
1.83721
1.83726
1.83731
1.83737
1.83742
1.83747
1.83753
1.83758
1.83763
1.83769
1.83774
1.83779
1.83784
1.8379
1.83795
1.838
1.83806
1.83811
1.83816
1.83822
1.83827
1.83832
1.83838
1.83843
1.83848
1.83853
1.83859
1.83864
1.83869
1.83875
1.8388
1.83885
1.8389
1.83896
1.83901
1.83906
1.83911
1.83917
1.83922
1.83927
1.83933
1.83938
1.83943
1.83948
1.83954
1.83959
1.83964
1.83969
1.83975
1.8398
1.83985
1.8399
1.83995
1.84001
1.84006
1.84011
1.84016
1.84022
1.84027
1.84032
1.84037
1.84043
1.84048
1.84053
1.84058
1.84063
1.84069
1.84074
1.84079
1.84084
1.84089
1.84095
1.841
1.84105
1.8411
1.84115
1.84121
1.84126
1.84131
1.84136
1.84141
1.84147
1.84152
1.84157
1.84162
1.84167
1.84172
1.84178
1.84183
1.84188
1.84193
1.84198
1.84203
1.84209
1.84214
1.84219
1.84224
1.84229
1.84234
1.84239
1.84245
1.8425
1.84255
1.8426
1.84265
1.8427
1.84275
1.84281
1.84286
1.84291
1.84296
1.84301
1.84306
1.84311
1.84316
1.84322
1.84327
1.84332
1.84337
1.84342
1.84347
1.84352
1.84357
1.84362
1.84368
1.84373
1.84378
1.84383
1.84388
1.84393
1.84398
1.84403
1.84408
1.84413
1.84418
1.84423
1.84429
1.84434
1.84439
1.84444
1.84449
1.84454
1.84459
1.84464
1.84469
1.84474
1.84479
1.84484
1.84489
1.84494
1.84499
1.84504
1.8451
1.84515
1.8452
1.84525
1.8453
1.84535
1.8454
1.84545
1.8455
1.84555
1.8456
1.84565
1.8457
1.84575
1.8458
1.84585
1.8459
1.84595
1.846
1.84605
1.8461
1.84615
1.8462
1.84625
1.8463
1.84635
1.8464
1.84645
1.8465
1.84655
1.8466
1.84665
1.8467
1.84675
1.8468
1.84685
1.8469
1.84695
1.847
1.84705
1.8471
1.84715
1.8472
1.84725
1.8473
1.84735
1.8474
1.84745
1.8475
1.84755
1.8476
1.84764
1.84769
1.84774
1.84779
1.84784
1.84789
1.84794
1.84799
1.84804
1.84809
1.84814
1.84819
1.84824
1.84829
1.84834
1.84839
1.84843
1.84848
1.84853
1.84858
1.84863
1.84868
1.84873
1.84878
1.84883
1.84888
1.84893
1.84897
1.84902
1.84907
1.84912
1.84917
1.84922
1.84927
1.84932
1.84937
1.84942
1.84946
1.84951
1.84956
1.84961
1.84966
1.84971
1.84976
1.84981
1.84985
1.8499
1.84995
1.85
1.85005
1.8501
1.85015
1.85019
1.85024
1.85029
1.85034
1.85039
1.85044
1.85049
1.85053
1.85058
1.85063
1.85068
1.85073
1.85078
1.85082
1.85087
1.85092
1.85097
1.85102
1.85107
1.85111
1.85116
1.85121
1.85126
1.85131
1.85136
1.8514
1.85145
1.8515
1.85155
1.8516
1.85164
1.85169
1.85174
1.85179
1.85184
1.85188
1.85193
1.85198
1.85203
1.85208
1.85212
1.85217
1.85222
1.85227
1.85232
1.85236
1.85241
1.85246
1.85251
1.85255
1.8526
1.85265
1.8527
1.85274
1.85279
1.85284
1.85289
1.85294
1.85298
1.85303
1.85308
1.85313
1.85317
1.85322
1.85327
1.85332
1.85336
1.85341
1.85346
1.8535
1.85355
1.8536
1.85365
1.85369
1.85374
1.85379
1.85384
1.85388
1.85393
1.85398
1.85402
1.85407
1.85412
1.85417
1.85421
1.85426
1.85431
1.85435
1.8544
1.85445
1.8545
1.85454
1.85459
1.85464
1.85468
1.85473
1.85478
1.85482
1.85487
1.85492
1.85496
1.85501
1.85506
1.85511
1.85515
1.8552
1.85525
1.85529
1.85534
1.85539
1.85543
1.85548
1.85553
1.85557
1.85562
1.85567
1.85571
1.85576
1.8558
1.85585
1.8559
1.85594
1.85599
1.85604
1.85608
1.85613
1.85618
1.85622
1.85627
1.85632
1.85636
1.85641
1.85645
1.8565
1.85655
1.85659
1.85664
1.85669
1.85673
1.85678
1.85682
1.85687
1.85692
1.85696
1.85701
1.85706
1.8571
1.85715
1.85719
1.85724
1.85729
1.85733
1.85738
1.85742
1.85747
1.85751
1.85756
1.85761
1.85765
1.8577
1.85774
1.85779
1.85784
1.85788
1.85793
1.85797
1.85802
1.85806
1.85811
1.85816
1.8582
1.85825
1.85829
1.85834
1.85838
1.85843
1.85848
1.85852
1.85857
1.85861
1.85866
1.8587
1.85875
1.85879
1.85884
1.85888
1.85893
1.85898
1.85902
1.85907
1.85911
1.85916
1.8592
1.85925
1.85929
1.85934
1.85938
1.85943
1.85947
1.85952
1.85956
1.85961
1.85965
1.8597
1.85974
1.85979
1.85983
1.85988
1.85992
1.85997
1.86001
1.86006
1.8601
1.86015
1.86019
1.86024
1.86028
1.86033
1.86037
1.86042
1.86046
1.86051
1.86055
1.8606
1.86064
1.86069
1.86073
1.86078
1.86082
1.86087
1.86091
1.86096
1.861
1.86105
1.86109
1.86113
1.86118
1.86122
1.86127
1.86131
1.86136
1.8614
1.86145
1.86149
1.86154
1.86158
1.86162
1.86167
1.86171
1.86176
1.8618
1.86185
1.86189
1.86194
1.86198
1.86202
1.86207
1.86211
1.86216
1.8622
1.86224
1.86229
1.86233
1.86238
1.86242
1.86247
1.86251
1.86255
1.8626
1.86264
1.86269
1.86273
1.86277
1.86282
1.86286
1.86291
1.86295
1.86299
1.86304
1.86308
1.86313
1.86317
1.86321
1.86326
1.8633
1.86334
1.86339
1.86343
1.86348
1.86352
1.86356
1.86361
1.86365
1.86369
1.86374
1.86378
1.86383
1.86387
1.86391
1.86396
1.864
1.86404
1.86409
1.86413
1.86417
1.86422
1.86426
1.8643
1.86435
1.86439
1.86443
1.86448
1.86452
1.86456
1.86461
1.86465
1.86469
1.86474
1.86478
1.86482
1.86487
1.86491
1.86495
1.865
1.86504
1.86508
1.86513
1.86517
1.86521
1.86526
1.8653
1.86534
1.86539
1.86543
1.86547
1.86552
1.86556
1.8656
1.86564
1.86569
1.86573
1.86577
1.86582
1.86586
1.8659
1.86594
1.86599
1.86603
1.86607
1.86612
1.86616
1.8662
1.86624
1.86629
1.86633
1.86637
1.86642
1.86646
1.8665
1.86654
1.86659
1.86663
1.86667
1.86671
1.86676
1.8668
1.86684
1.86688
1.86693
1.86697
1.86701
1.86705
1.8671
1.86714
1.86718
1.86722
1.86727
1.86731
1.86735
1.86739
1.86744
1.86748
1.86752
1.86756
1.8676
1.86765
1.86769
1.86773
1.86777
1.86782
1.86786
1.8679
1.86794
1.86798
1.86803
1.86807
1.86811
1.86815
1.86819
1.86824
1.86828
1.86832
1.86836
1.8684
1.86845
1.86849
1.86853
1.86857
1.86861
1.86866
1.8687
1.86874
1.86878
1.86882
1.86887
1.86891
1.86895
1.86899
1.86903
1.86907
1.86912
1.86916
1.8692
1.86924
1.86928
1.86932
1.86937
1.86941
1.86945
1.86949
1.86953
1.86957
1.86962
1.86966
1.8697
1.86974
1.86978
1.86982
1.86986
1.86991
1.86995
1.86999
1.87003
1.87007
1.87011
1.87015
1.8702
1.87024
1.87028
1.87032
1.87036
1.8704
1.87044
1.87048
1.87053
1.87057
1.87061
1.87065
1.87069
1.87073
1.87077
1.87081
1.87086
1.8709
1.87094
1.87098
1.87102
1.87106
1.8711
1.87114
1.87118
1.87122
1.87127
1.87131
1.87135
1.87139
1.87143
1.87147
1.87151
1.87155
1.87159
1.87163
1.87167
1.87172
1.87176
1.8718
1.87184
1.87188
1.87192
1.87196
1.872
1.87204
1.87208
1.87212
1.87216
1.8722
1.87224
1.87228
1.87233
1.87237
1.87241
1.87245
1.87249
1.87253
1.87257
1.87261
1.87265
1.87269
1.87273
1.87277
1.87281
1.87285
1.87289
1.87293
1.87297
1.87301
1.87305
1.87309
1.87313
1.87317
1.87321
1.87325
1.87329
1.87334
1.87338
1.87342
1.87346
1.8735
1.87354
1.87358
1.87362
1.87366
1.8737
1.87374
1.87378
1.87382
1.87386
1.8739
1.87394
1.87398
1.87402
1.87406
1.8741
1.87414
1.87418
1.87422
1.87426
1.8743
1.87434
1.87438
1.87442
1.87446
1.8745
1.87454
1.87458
1.87461
1.87465
1.87469
1.87473
1.87477
1.87481
1.87485
1.87489
1.87493
1.87497
1.87501
1.87505
1.87509
1.87513
1.87517
1.87521
1.87525
1.87529
1.87533
1.87537
1.87541
1.87545
1.87549
1.87553
1.87556
1.8756
1.87564
1.87568
1.87572
1.87576
1.8758
1.87584
1.87588
1.87592
1.87596
1.876
1.87604
1.87608
1.87612
1.87615
1.87619
1.87623
1.87627
1.87631
1.87635
1.87639
1.87643
1.87647
1.87651
1.87655
1.87659
1.87662
1.87666
1.8767
1.87674
1.87678
1.87682
1.87686
1.8769
1.87694
1.87698
1.87701
1.87705
1.87709
1.87713
1.87717
1.87721
1.87725
1.87729
1.87732
1.87736
1.8774
1.87744
1.87748
1.87752
1.87756
1.8776
1.87763
1.87767
1.87771
1.87775
1.87779
1.87783
1.87787
1.87791
1.87794
1.87798
1.87802
1.87806
1.8781
1.87814
1.87818
1.87821
1.87825
1.87829
1.87833
1.87837
1.87841
1.87844
1.87848
1.87852
1.87856
1.8786
1.87864
1.87867
1.87871
1.87875
1.87879
1.87883
1.87887
1.8789
1.87894
1.87898
1.87902
1.87906
1.8791
1.87913
1.87917
1.87921
1.87925
1.87929
1.87932
1.87936
1.8794
1.87944
1.87948
1.87951
1.87955
1.87959
1.87963
1.87967
1.8797
1.87974
1.87978
1.87982
1.87986
1.87989
1.87993
1.87997
1.88001
1.88005
1.88008
1.88012
1.88016
1.8802
1.88023
1.88027
1.88031
1.88035
1.88039
1.88042
1.88046
1.8805
1.88054
1.88057
1.88061
1.88065
1.88069
1.88072
1.88076
1.8808
1.88084
1.88087
1.88091
1.88095
1.88099
1.88102
1.88106
1.8811
1.88114
1.88117
1.88121
1.88125
1.88129
1.88132
1.88136
1.8814
1.88144
1.88147
1.88151
1.88155
1.88159
1.88162
1.88166
1.8817
1.88173
1.88177
1.88181
1.88185
1.88188
1.88192
1.88196
1.882
1.88203
1.88207
1.88211
1.88214
1.88218
1.88222
1.88225
1.88229
1.88233
1.88237
1.8824
1.88244
1.88248
1.88251
1.88255
1.88259
1.88262
1.88266
1.8827
1.88274
1.88277
1.88281
1.88285
1.88288
1.88292
1.88296
1.88299
1.88303
1.88307
1.8831
1.88314
1.88318
1.88321
1.88325
1.88329
1.88332
1.88336
1.8834
1.88343
1.88347
1.88351
1.88354
1.88358
1.88362
1.88365
1.88369
1.88373
1.88376
1.8838
1.88384
1.88387
1.88391
1.88395
1.88398
1.88402
1.88406
1.88409
1.88413
1.88416
1.8842
1.88424
1.88427
1.88431
1.88435
1.88438
1.88442
1.88446
1.88449
1.88453
1.88456
1.8846
1.88464
1.88467
1.88471
1.88475
1.88478
1.88482
1.88485
1.88489
1.88493
1.88496
1.885
1.88503
1.88507
1.88511
1.88514
1.88518
1.88521
1.88525
1.88529
1.88532
1.88536
1.88539
1.88543
1.88547
1.8855
1.88554
1.88557
1.88561
1.88565
1.88568
1.88572
1.88575
1.88579
1.88583
1.88586
1.8859
1.88593
1.88597
1.886
1.88604
1.88608
1.88611
1.88615
1.88618
1.88622
1.88625
1.88629
1.88633
1.88636
1.8864
1.88643
1.88647
1.8865
1.88654
1.88657
1.88661
1.88665
1.88668
1.88672
1.88675
1.88679
1.88682
1.88686
1.88689
1.88693
1.88697
1.887
1.88704
1.88707
1.88711
1.88714
1.88718
1.88721
1.88725
1.88728
1.88732
1.88735
1.88739
1.88742
1.88746
1.88749
1.88753
1.88757
1.8876
1.88764
1.88767
1.88771
1.88774
1.88778
1.88781
1.88785
1.88788
1.88792
1.88795
1.88799
1.88802
1.88806
1.88809
1.88813
1.88816
1.8882
1.88823
1.88827
1.8883
1.88834
1.88837
1.88841
1.88844
1.88848
1.88851
1.88855
1.88858
1.88862
1.88865
1.88869
1.88872
1.88876
1.88879
1.88882
1.88886
1.88889
1.88893
1.88896
1.889
1.88903
1.88907
1.8891
1.88914
1.88917
1.88921
1.88924
1.88928
1.88931
1.88935
1.88938
1.88941
1.88945
1.88948
1.88952
1.88955
1.88959
1.88962
1.88966
1.88969
1.88972
1.88976
1.88979
1.88983
1.88986
1.8899
1.88993
1.88997
1.89
1.89003
1.89007
1.8901
1.89014
1.89017
1.89021
1.89024
1.89027
1.89031
1.89034
1.89038
1.89041
1.89045
1.89048
1.89051
1.89055
1.89058
1.89062
1.89065
1.89068
1.89072
1.89075
1.89079
1.89082
1.89086
1.89089
1.89092
1.89096
1.89099
1.89103
1.89106
1.89109
1.89113
1.89116
1.8912
1.89123
1.89126
1.8913
1.89133
1.89136
1.8914
1.89143
1.89147
1.8915
1.89153
1.89157
1.8916
1.89164
1.89167
1.8917
1.89174
1.89177
1.8918
1.89184
1.89187
1.89191
1.89194
1.89197
1.89201
1.89204
1.89207
1.89211
1.89214
1.89217
1.89221
1.89224
1.89228
1.89231
1.89234
1.89238
1.89241
1.89244
1.89248
1.89251
1.89254
1.89258
1.89261
1.89264
1.89268
1.89271
1.89274
1.89278
1.89281
1.89284
1.89288
1.89291
1.89294
1.89298
1.89301
1.89304
1.89308
1.89311
1.89314
1.89318
1.89321
1.89324
1.89328
1.89331
1.89334
1.89338
1.89341
1.89344
1.89348
1.89351
1.89354
1.89358
1.89361
1.89364
1.89367
1.89371
1.89374
1.89377
1.89381
1.89384
1.89387
1.89391
1.89394
1.89397
1.89401
1.89404
1.89407
1.8941
1.89414
1.89417
1.8942
1.89424
1.89427
1.8943
1.89433
1.89437
1.8944
1.89443
1.89447
1.8945
1.89453
1.89456
1.8946
1.89463
1.89466
1.8947
1.89473
1.89476
1.89479
1.89483
1.89486
1.89489
1.89492
1.89496
1.89499
1.89502
1.89505
1.89509
1.89512
1.89515
1.89518
1.89522
1.89525
1.89528
1.89531
1.89535
1.89538
1.89541
1.89544
1.89548
1.89551
1.89554
1.89557
1.89561
1.89564
1.89567
1.8957
1.89574
1.89577
1.8958
1.89583
1.89587
1.8959
1.89593
1.89596
1.896
1.89603
1.89606
1.89609
1.89612
1.89616
1.89619
1.89622
1.89625
1.89629
1.89632
1.89635
1.89638
1.89641
1.89645
1.89648
1.89651
1.89654
1.89657
1.89661
1.89664
1.89667
1.8967
1.89673
1.89677
1.8968
1.89683
1.89686
1.89689
1.89693
1.89696
1.89699
1.89702
1.89705
1.89709
1.89712
1.89715
1.89718
1.89721
1.89725
1.89728
1.89731
1.89734
1.89737
1.8974
1.89744
1.89747
1.8975
1.89753
1.89756
1.8976
1.89763
1.89766
1.89769
1.89772
1.89775
1.89779
1.89782
1.89785
1.89788
1.89791
1.89794
1.89798
1.89801
1.89804
1.89807
1.8981
1.89813
1.89816
1.8982
1.89823
1.89826
1.89829
1.89832
1.89835
1.89839
1.89842
1.89845
1.89848
1.89851
1.89854
1.89857
1.89861
1.89864
1.89867
1.8987
1.89873
1.89876
1.89879
1.89882
1.89886
1.89889
1.89892
1.89895
1.89898
1.89901
1.89904
1.89907
1.89911
1.89914
1.89917
1.8992
1.89923
1.89926
1.89929
1.89932
1.89936
1.89939
1.89942
1.89945
1.89948
1.89951
1.89954
1.89957
1.8996
1.89963
1.89967
1.8997
1.89973
1.89976
1.89979
1.89982
1.89985
1.89988
1.89991
1.89994
1.89998
1.90001
1.90004
1.90007
1.9001
1.90013
1.90016
1.90019
1.90022
1.90025
1.90028
1.90031
1.90035
1.90038
1.90041
1.90044
1.90047
1.9005
1.90053
1.90056
1.90059
1.90062
1.90065
1.90068
1.90071
1.90074
1.90078
1.90081
1.90084
1.90087
1.9009
1.90093
1.90096
1.90099
1.90102
1.90105
1.90108
1.90111
1.90114
1.90117
1.9012
1.90123
1.90126
1.90129
1.90133
1.90136
1.90139
1.90142
1.90145
1.90148
1.90151
1.90154
1.90157
1.9016
1.90163
1.90166
1.90169
1.90172
1.90175
1.90178
1.90181
1.90184
1.90187
1.9019
1.90193
1.90196
1.90199
1.90202
1.90205
1.90208
1.90211
1.90214
1.90217
1.9022
1.90223
1.90226
1.90229
1.90232
1.90235
1.90238
1.90241
1.90244
1.90247
1.90251
1.90254
1.90257
1.9026
1.90263
1.90266
1.90269
1.90272
1.90275
1.90278
1.9028
1.90283
1.90286
1.90289
1.90292
1.90295
1.90298
1.90301
1.90304
1.90307
1.9031
1.90313
1.90316
1.90319
1.90322
1.90325
1.90328
1.90331
1.90334
1.90337
1.9034
1.90343
1.90346
1.90349
1.90352
1.90355
1.90358
1.90361
1.90364
1.90367
1.9037
1.90373
1.90376
1.90379
1.90382
1.90385
1.90388
1.90391
1.90394
1.90397
1.90399
1.90402
1.90405
1.90408
1.90411
1.90414
1.90417
1.9042
1.90423
1.90426
1.90429
1.90432
1.90435
1.90438
1.90441
1.90444
1.90447
1.9045
1.90452
1.90455
1.90458
1.90461
1.90464
1.90467
1.9047
1.90473
1.90476
1.90479
1.90482
1.90485
1.90488
1.90491
1.90493
1.90496
1.90499
1.90502
1.90505
1.90508
1.90511
1.90514
1.90517
1.9052
1.90523
1.90526
1.90528
1.90531
1.90534
1.90537
1.9054
1.90543
1.90546
1.90549
1.90552
1.90555
1.90558
1.9056
1.90563
1.90566
1.90569
1.90572
1.90575
1.90578
1.90581
1.90584
1.90586
1.90589
1.90592
1.90595
1.90598
1.90601
1.90604
1.90607
1.9061
1.90612
1.90615
1.90618
1.90621
1.90624
1.90627
1.9063
1.90633
1.90635
1.90638
1.90641
1.90644
1.90647
1.9065
1.90653
1.90656
1.90658
1.90661
1.90664
1.90667
1.9067
1.90673
1.90676
1.90678
1.90681
1.90684
1.90687
1.9069
1.90693
1.90696
1.90698
1.90701
1.90704
1.90707
1.9071
1.90713
1.90716
1.90718
1.90721
1.90724
1.90727
1.9073
1.90733
1.90735
1.90738
1.90741
1.90744
1.90747
1.9075
1.90752
1.90755
1.90758
1.90761
1.90764
1.90767
1.90769
1.90772
1.90775
1.90778
1.90781
1.90784
1.90786
1.90789
1.90792
1.90795
1.90798
1.908
1.90803
1.90806
1.90809
1.90812
1.90815
1.90817
1.9082
1.90823
1.90826
1.90829
1.90831
1.90834
1.90837
1.9084
1.90843
1.90845
1.90848
1.90851
1.90854
1.90857
1.90859
1.90862
1.90865
1.90868
1.90871
1.90873
1.90876
1.90879
1.90882
1.90885
1.90887
1.9089
1.90893
1.90896
1.90899
1.90901
1.90904
1.90907
1.9091
1.90912
1.90915
1.90918
1.90921
1.90924
1.90926
1.90929
1.90932
1.90935
1.90937
1.9094
1.90943
1.90946
1.90948
1.90951
1.90954
1.90957
1.9096
1.90962
1.90965
1.90968
1.90971
1.90973
1.90976
1.90979
1.90982
1.90984
1.90987
1.9099
1.90993
1.90995
1.90998
1.91001
1.91004
1.91006
1.91009
1.91012
1.91015
1.91017
1.9102
1.91023
1.91026
1.91028
1.91031
1.91034
1.91037
1.91039
1.91042
1.91045
1.91048
1.9105
1.91053
1.91056
1.91058
1.91061
1.91064
1.91067
1.91069
1.91072
1.91075
1.91078
1.9108
1.91083
1.91086
1.91088
1.91091
1.91094
1.91097
1.91099
1.91102
1.91105
1.91108
1.9111
1.91113
1.91116
1.91118
1.91121
1.91124
1.91126
1.91129
1.91132
1.91135
1.91137
1.9114
1.91143
1.91145
1.91148
1.91151
1.91154
1.91156
1.91159
1.91162
1.91164
1.91167
1.9117
1.91172
1.91175
1.91178
1.9118
1.91183
1.91186
1.91189
1.91191
1.91194
1.91197
1.91199
1.91202
1.91205
1.91207
1.9121
1.91213
1.91215
1.91218
1.91221
1.91223
1.91226
1.91229
1.91231
1.91234
1.91237
1.91239
1.91242
1.91245
1.91247
1.9125
1.91253
1.91255
1.91258
1.91261
1.91263
1.91266
1.91269
1.91271
1.91274
1.91277
1.91279
1.91282
1.91285
1.91287
1.9129
1.91293
1.91295
1.91298
1.91301
1.91303
1.91306
1.91309
1.91311
1.91314
1.91317
1.91319
1.91322
1.91324
1.91327
1.9133
1.91332
1.91335
1.91338
1.9134
1.91343
1.91346
1.91348
1.91351
1.91353
1.91356
1.91359
1.91361
1.91364
1.91367
1.91369
1.91372
1.91374
1.91377
1.9138
1.91382
1.91385
1.91388
1.9139
1.91393
1.91395
1.91398
1.91401
1.91403
1.91406
1.91409
1.91411
1.91414
1.91416
1.91419
1.91422
1.91424
1.91427
1.91429
1.91432
1.91435
1.91437
1.9144
1.91442
1.91445
1.91448
1.9145
1.91453
1.91455
1.91458
1.91461
1.91463
1.91466
1.91468
1.91471
1.91474
1.91476
1.91479
1.91481
1.91484
1.91487
1.91489
1.91492
1.91494
1.91497
1.91499
1.91502
1.91505
1.91507
1.9151
1.91512
1.91515
1.91518
1.9152
1.91523
1.91525
1.91528
1.9153
1.91533
1.91536
1.91538
1.91541
1.91543
1.91546
1.91548
1.91551
1.91554
1.91556
1.91559
1.91561
1.91564
1.91566
1.91569
1.91572
1.91574
1.91577
1.91579
1.91582
1.91584
1.91587
1.91589
1.91592
1.91595
1.91597
1.916
1.91602
1.91605
1.91607
1.9161
1.91612
1.91615
1.91617
1.9162
1.91623
1.91625
1.91628
1.9163
1.91633
1.91635
1.91638
1.9164
1.91643
1.91645
1.91648
1.9165
1.91653
1.91656
1.91658
1.91661
1.91663
1.91666
1.91668
1.91671
1.91673
1.91676
1.91678
1.91681
1.91683
1.91686
1.91688
1.91691
1.91693
1.91696
1.91698
1.91701
1.91703
1.91706
1.91708
1.91711
1.91714
1.91716
1.91719
1.91721
1.91724
1.91726
1.91729
1.91731
1.91734
1.91736
1.91739
1.91741
1.91744
1.91746
1.91749
1.91751
1.91754
1.91756
1.91759
1.91761
1.91764
1.91766
1.91769
1.91771
1.91774
1.91776
1.91779
1.91781
1.91784
1.91786
1.91789
1.91791
1.91793
1.91796
1.91798
1.91801
1.91803
1.91806
1.91808
1.91811
1.91813
1.91816
1.91818
1.91821
1.91823
1.91826
1.91828
1.91831
1.91833
1.91836
1.91838
1.91841
1.91843
1.91845
1.91848
1.9185
1.91853
1.91855
1.91858
1.9186
1.91863
1.91865
1.91868
1.9187
1.91873
1.91875
1.91878
1.9188
1.91882
1.91885
1.91887
1.9189
1.91892
1.91895
1.91897
1.919
1.91902
1.91904
1.91907
1.91909
1.91912
1.91914
1.91917
1.91919
1.91922
1.91924
1.91926
1.91929
1.91931
1.91934
1.91936
1.91939
1.91941
1.91944
1.91946
1.91948
1.91951
1.91953
1.91956
1.91958
1.91961
1.91963
1.91965
1.91968
1.9197
1.91973
1.91975
1.91978
1.9198
1.91982
1.91985
1.91987
1.9199
1.91992
1.91995
1.91997
1.91999
1.92002
1.92004
1.92007
1.92009
1.92011
1.92014
1.92016
1.92019
1.92021
1.92024
1.92026
1.92028
1.92031
1.92033
1.92036
1.92038
1.9204
1.92043
1.92045
1.92048
1.9205
1.92052
1.92055
1.92057
1.9206
1.92062
1.92064
1.92067
1.92069
1.92072
1.92074
1.92076
1.92079
1.92081
1.92083
1.92086
1.92088
1.92091
1.92093
1.92095
1.92098
1.921
1.92103
1.92105
1.92107
1.9211
1.92112
1.92114
1.92117
1.92119
1.92122
1.92124
1.92126
1.92129
1.92131
1.92133
1.92136
1.92138
1.92141
1.92143
1.92145
1.92148
1.9215
1.92152
1.92155
1.92157
1.9216
1.92162
1.92164
1.92167
1.92169
1.92171
1.92174
1.92176
1.92178
1.92181
1.92183
1.92185
1.92188
1.9219
1.92193
1.92195
1.92197
1.922
1.92202
1.92204
1.92207
1.92209
1.92211
1.92214
1.92216
1.92218
1.92221
1.92223
1.92225
1.92228
1.9223
1.92232
1.92235
1.92237
1.92239
1.92242
1.92244
1.92246
1.92249
1.92251
1.92253
1.92256
1.92258
1.9226
1.92263
1.92265
1.92267
1.9227
1.92272
1.92274
1.92277
1.92279
1.92281
1.92284
1.92286
1.92288
1.92291
1.92293
1.92295
1.92298
1.923
1.92302
1.92305
1.92307
1.92309
1.92312
1.92314
1.92316
1.92319
1.92321
1.92323
1.92325
1.92328
1.9233
1.92332
1.92335
1.92337
1.92339
1.92342
1.92344
1.92346
1.92348
1.92351
1.92353
1.92355
1.92358
1.9236
1.92362
1.92365
1.92367
1.92369
1.92371
1.92374
1.92376
1.92378
1.92381
1.92383
1.92385
1.92388
1.9239
1.92392
1.92394
1.92397
1.92399
1.92401
1.92404
1.92406
1.92408
1.9241
1.92413
1.92415
1.92417
1.92419
1.92422
1.92424
1.92426
1.92429
1.92431
1.92433
1.92435
1.92438
1.9244
1.92442
1.92444
1.92447
1.92449
1.92451
1.92454
1.92456
1.92458
1.9246
1.92463
1.92465
1.92467
1.92469
1.92472
1.92474
1.92476
1.92478
1.92481
1.92483
1.92485
1.92487
1.9249
1.92492
1.92494
1.92497
1.92499
1.92501
1.92503
1.92506
1.92508
1.9251
1.92512
1.92515
1.92517
1.92519
1.92521
1.92523
1.92526
1.92528
1.9253
1.92532
1.92535
1.92537
1.92539
1.92541
1.92544
1.92546
1.92548
1.9255
1.92553
1.92555
1.92557
1.92559
1.92562
1.92564
1.92566
1.92568
1.9257
1.92573
1.92575
1.92577
1.92579
1.92582
1.92584
1.92586
1.92588
1.9259
1.92593
1.92595
1.92597
1.92599
1.92602
1.92604
1.92606
1.92608
1.9261
1.92613
1.92615
1.92617
1.92619
1.92622
1.92624
1.92626
1.92628
1.9263
1.92633
1.92635
1.92637
1.92639
1.92641
1.92644
1.92646
1.92648
1.9265
1.92652
1.92655
1.92657
1.92659
1.92661
1.92663
1.92666
1.92668
1.9267
1.92672
1.92674
1.92677
1.92679
1.92681
1.92683
1.92685
1.92688
1.9269
1.92692
1.92694
1.92696
1.92698
1.92701
1.92703
1.92705
1.92707
1.92709
1.92712
1.92714
1.92716
1.92718
1.9272
1.92722
1.92725
1.92727
1.92729
1.92731
1.92733
1.92736
1.92738
1.9274
1.92742
1.92744
1.92746
1.92749
1.92751
1.92753
1.92755
1.92757
1.92759
1.92762
1.92764
1.92766
1.92768
1.9277
1.92772
1.92775
1.92777
1.92779
1.92781
1.92783
1.92785
1.92788
1.9279
1.92792
1.92794
1.92796
1.92798
1.928
1.92803
1.92805
1.92807
1.92809
1.92811
1.92813
1.92816
1.92818
1.9282
1.92822
1.92824
1.92826
1.92828
1.92831
1.92833
1.92835
1.92837
1.92839
1.92841
1.92843
1.92846
1.92848
1.9285
1.92852
1.92854
1.92856
1.92858
1.9286
1.92863
1.92865
1.92867
1.92869
1.92871
1.92873
1.92875
1.92878
1.9288
1.92882
1.92884
1.92886
1.92888
1.9289
1.92892
1.92895
1.92897
1.92899
1.92901
1.92903
1.92905
1.92907
1.92909
1.92911
1.92914
1.92916
1.92918
1.9292
1.92922
1.92924
1.92926
1.92928
1.92931
1.92933
1.92935
1.92937
1.92939
1.92941
1.92943
1.92945
1.92947
1.92949
1.92952
1.92954
1.92956
1.92958
1.9296
1.92962
1.92964
1.92966
1.92968
1.92971
1.92973
1.92975
1.92977
1.92979
1.92981
1.92983
1.92985
1.92987
1.92989
1.92991
1.92994
1.92996
1.92998
1.93
1.93002
1.93004
1.93006
1.93008
1.9301
1.93012
1.93014
1.93016
1.93019
1.93021
1.93023
1.93025
1.93027
1.93029
1.93031
1.93033
1.93035
1.93037
1.93039
1.93041
1.93044
1.93046
1.93048
1.9305
1.93052
1.93054
1.93056
1.93058
1.9306
1.93062
1.93064
1.93066
1.93068
1.9307
1.93072
1.93075
1.93077
1.93079
1.93081
1.93083
1.93085
1.93087
1.93089
1.93091
1.93093
1.93095
1.93097
1.93099
1.93101
1.93103
1.93105
1.93107
1.9311
1.93112
1.93114
1.93116
1.93118
1.9312
1.93122
1.93124
1.93126
1.93128
1.9313
1.93132
1.93134
1.93136
1.93138
1.9314
1.93142
1.93144
1.93146
1.93148
1.9315
1.93152
1.93155
1.93157
1.93159
1.93161
1.93163
1.93165
1.93167
1.93169
1.93171
1.93173
1.93175
1.93177
1.93179
1.93181
1.93183
1.93185
1.93187
1.93189
1.93191
1.93193
1.93195
1.93197
1.93199
1.93201
1.93203
1.93205
1.93207
1.93209
1.93211
1.93213
1.93215
1.93217
1.93219
1.93221
1.93223
1.93225
1.93227
1.93229
1.93231
1.93233
1.93235
1.93238
1.9324
1.93242
1.93244
1.93246
1.93248
1.9325
1.93252
1.93254
1.93256
1.93258
1.9326
1.93262
1.93264
1.93266
1.93268
1.9327
1.93272
1.93274
1.93276
1.93278
1.9328
1.93282
1.93284
1.93286
1.93288
1.9329
1.93292
1.93294
1.93296
1.93298
1.933
1.93302
1.93304
1.93305
1.93307
1.93309
1.93311
1.93313
1.93315
1.93317
1.93319
1.93321
1.93323
1.93325
1.93327
1.93329
1.93331
1.93333
1.93335
1.93337
1.93339
1.93341
1.93343
1.93345
1.93347
1.93349
1.93351
1.93353
1.93355
1.93357
1.93359
1.93361
1.93363
1.93365
1.93367
1.93369
1.93371
1.93373
1.93375
1.93377
1.93379
1.93381
1.93383
1.93385
1.93386
1.93388
1.9339
1.93392
1.93394
1.93396
1.93398
1.934
1.93402
1.93404
1.93406
1.93408
1.9341
1.93412
1.93414
1.93416
1.93418
1.9342
1.93422
1.93424
1.93426
1.93428
1.9343
1.93431
1.93433
1.93435
1.93437
1.93439
1.93441
1.93443
1.93445
1.93447
1.93449
1.93451
1.93453
1.93455
1.93457
1.93459
1.93461
1.93463
1.93464
1.93466
1.93468
1.9347
1.93472
1.93474
1.93476
1.93478
1.9348
1.93482
1.93484
1.93486
1.93488
1.9349
1.93492
1.93493
1.93495
1.93497
1.93499
1.93501
1.93503
1.93505
1.93507
1.93509
1.93511
1.93513
1.93515
1.93517
1.93518
1.9352
1.93522
1.93524
1.93526
1.93528
1.9353
1.93532
1.93534
1.93536
1.93538
1.9354
1.93541
1.93543
1.93545
1.93547
1.93549
1.93551
1.93553
1.93555
1.93557
1.93559
1.93561
1.93562
1.93564
1.93566
1.93568
1.9357
1.93572
1.93574
1.93576
1.93578
1.9358
1.93581
1.93583
1.93585
1.93587
1.93589
1.93591
1.93593
1.93595
1.93597
1.93599
1.936
1.93602
1.93604
1.93606
1.93608
1.9361
1.93612
1.93614
1.93616
1.93617
1.93619
1.93621
1.93623
1.93625
1.93627
1.93629
1.93631
1.93633
1.93634
1.93636
1.93638
1.9364
1.93642
1.93644
1.93646
1.93648
1.93649
1.93651
1.93653
1.93655
1.93657
1.93659
1.93661
1.93663
1.93664
1.93666
1.93668
1.9367
1.93672
1.93674
1.93676
1.93678
1.93679
1.93681
1.93683
1.93685
1.93687
1.93689
1.93691
1.93693
1.93694
1.93696
1.93698
1.937
1.93702
1.93704
1.93706
1.93707
1.93709
1.93711
1.93713
1.93715
1.93717
1.93719
1.9372
1.93722
1.93724
1.93726
1.93728
1.9373
1.93732
1.93733
1.93735
1.93737
1.93739
1.93741
1.93743
1.93744
1.93746
1.93748
1.9375
1.93752
1.93754
1.93756
1.93757
1.93759
1.93761
1.93763
1.93765
1.93767
1.93768
1.9377
1.93772
1.93774
1.93776
1.93778
1.93779
1.93781
1.93783
1.93785
1.93787
1.93789
1.9379
1.93792
1.93794
1.93796
1.93798
1.938
1.93801
1.93803
1.93805
1.93807
1.93809
1.93811
1.93812
1.93814
1.93816
1.93818
1.9382
1.93822
1.93823
1.93825
1.93827
1.93829
1.93831
1.93832
1.93834
1.93836
1.93838
1.9384
1.93842
1.93843
1.93845
1.93847
1.93849
1.93851
1.93852
1.93854
1.93856
1.93858
1.9386
1.93861
1.93863
1.93865
1.93867
1.93869
1.93871
1.93872
1.93874
1.93876
1.93878
1.9388
1.93881
1.93883
1.93885
1.93887
1.93889
1.9389
1.93892
1.93894
1.93896
1.93898
1.93899
1.93901
1.93903
1.93905
1.93907
1.93908
1.9391
1.93912
1.93914
1.93915
1.93917
1.93919
1.93921
1.93923
1.93924
1.93926
1.93928
1.9393
1.93932
1.93933
1.93935
1.93937
1.93939
1.93941
1.93942
1.93944
1.93946
1.93948
1.93949
1.93951
1.93953
1.93955
1.93957
1.93958
1.9396
1.93962
1.93964
1.93965
1.93967
1.93969
1.93971
1.93973
1.93974
1.93976
1.93978
1.9398
1.93981
1.93983
1.93985
1.93987
1.93989
1.9399
1.93992
1.93994
1.93996
1.93997
1.93999
1.94001
1.94003
1.94004
1.94006
1.94008
1.9401
1.94011
1.94013
1.94015
1.94017
1.94018
1.9402
1.94022
1.94024
1.94026
1.94027
1.94029
1.94031
1.94033
1.94034
1.94036
1.94038
1.9404
1.94041
1.94043
1.94045
1.94047
1.94048
1.9405
1.94052
1.94054
1.94055
1.94057
1.94059
1.94061
1.94062
1.94064
1.94066
1.94068
1.94069
1.94071
1.94073
1.94075
1.94076
1.94078
1.9408
1.94081
1.94083
1.94085
1.94087
1.94088
1.9409
1.94092
1.94094
1.94095
1.94097
1.94099
1.94101
1.94102
1.94104
1.94106
1.94107
1.94109
1.94111
1.94113
1.94114
1.94116
1.94118
1.9412
1.94121
1.94123
1.94125
1.94127
1.94128
1.9413
1.94132
1.94133
1.94135
1.94137
1.94139
1.9414
1.94142
1.94144
1.94145
1.94147
1.94149
1.94151
1.94152
1.94154
1.94156
1.94157
1.94159
1.94161
1.94163
1.94164
1.94166
1.94168
1.94169
1.94171
1.94173
1.94175
1.94176
1.94178
1.9418
1.94181
1.94183
1.94185
1.94187
1.94188
1.9419
1.94192
1.94193
1.94195
1.94197
1.94198
1.942
1.94202
1.94204
1.94205
1.94207
1.94209
1.9421
1.94212
1.94214
1.94215
1.94217
1.94219
1.94221
1.94222
1.94224
1.94226
1.94227
1.94229
1.94231
1.94232
1.94234
1.94236
1.94237
1.94239
1.94241
1.94243
1.94244
1.94246
1.94248
1.94249
1.94251
1.94253
1.94254
1.94256
1.94258
1.94259
1.94261
1.94263
1.94264
1.94266
1.94268
1.94269
1.94271
1.94273
1.94275
1.94276
1.94278
1.9428
1.94281
1.94283
1.94285
1.94286
1.94288
1.9429
1.94291
1.94293
1.94295
1.94296
1.94298
1.943
1.94301
1.94303
1.94305
1.94306
1.94308
1.9431
1.94311
1.94313
1.94315
1.94316
1.94318
1.9432
1.94321
1.94323
1.94325
1.94326
1.94328
1.9433
1.94331
1.94333
1.94335
1.94336
1.94338
1.9434
1.94341
1.94343
1.94344
1.94346
1.94348
1.94349
1.94351
1.94353
1.94354
1.94356
1.94358
1.94359
1.94361
1.94363
1.94364
1.94366
1.94368
1.94369
1.94371
1.94373
1.94374
1.94376
1.94378
1.94379
1.94381
1.94382
1.94384
1.94386
1.94387
1.94389
1.94391
1.94392
1.94394
1.94396
1.94397
1.94399
1.944
1.94402
1.94404
1.94405
1.94407
1.94409
1.9441
1.94412
1.94414
1.94415
1.94417
1.94418
1.9442
1.94422
1.94423
1.94425
1.94427
1.94428
1.9443
1.94432
1.94433
1.94435
1.94436
1.94438
1.9444
1.94441
1.94443
1.94445
1.94446
1.94448
1.94449
1.94451
1.94453
1.94454
1.94456
1.94457
1.94459
1.94461
1.94462
1.94464
1.94466
1.94467
1.94469
1.9447
1.94472
1.94474
1.94475
1.94477
1.94478
1.9448
1.94482
1.94483
1.94485
1.94487
1.94488
1.9449
1.94491
1.94493
1.94495
1.94496
1.94498
1.94499
1.94501
1.94503
1.94504
1.94506
1.94507
1.94509
1.94511
1.94512
1.94514
1.94515
1.94517
1.94519
1.9452
1.94522
1.94523
1.94525
1.94527
1.94528
1.9453
1.94531
1.94533
1.94535
1.94536
1.94538
1.94539
1.94541
1.94543
1.94544
1.94546
1.94547
1.94549
1.94551
1.94552
1.94554
1.94555
1.94557
1.94559
1.9456
1.94562
1.94563
1.94565
1.94566
1.94568
1.9457
1.94571
1.94573
1.94574
1.94576
1.94578
1.94579
1.94581
1.94582
1.94584
1.94585
1.94587
1.94589
1.9459
1.94592
1.94593
1.94595
1.94596
1.94598
1.946
1.94601
1.94603
1.94604
1.94606
1.94607
1.94609
1.94611
1.94612
1.94614
1.94615
1.94617
1.94618
1.9462
1.94622
1.94623
1.94625
1.94626
1.94628
1.94629
1.94631
1.94633
1.94634
1.94636
1.94637
1.94639
1.9464
1.94642
1.94644
1.94645
1.94647
1.94648
1.9465
1.94651
1.94653
1.94654
1.94656
1.94658
1.94659
1.94661
1.94662
1.94664
1.94665
1.94667
1.94668
1.9467
1.94672
1.94673
1.94675
1.94676
1.94678
1.94679
1.94681
1.94682
1.94684
1.94685
1.94687
1.94689
1.9469
1.94692
1.94693
1.94695
1.94696
1.94698
1.94699
1.94701
1.94702
1.94704
1.94706
1.94707
1.94709
1.9471
1.94712
1.94713
1.94715
1.94716
1.94718
1.94719
1.94721
1.94722
1.94724
1.94726
1.94727
1.94729
1.9473
1.94732
1.94733
1.94735
1.94736
1.94738
1.94739
1.94741
1.94742
1.94744
1.94745
1.94747
1.94749
1.9475
1.94752
1.94753
1.94755
1.94756
1.94758
1.94759
1.94761
1.94762
1.94764
1.94765
1.94767
1.94768
1.9477
1.94771
1.94773
1.94774
1.94776
1.94777
1.94779
1.94781
1.94782
1.94784
1.94785
1.94787
1.94788
1.9479
1.94791
1.94793
1.94794
1.94796
1.94797
1.94799
1.948
1.94802
1.94803
1.94805
1.94806
1.94808
1.94809
1.94811
1.94812
1.94814
1.94815
1.94817
1.94818
1.9482
1.94821
1.94823
1.94824
1.94826
1.94827
1.94829
1.9483
1.94832
1.94833
1.94835
1.94836
1.94838
1.94839
1.94841
1.94842
1.94844
1.94845
1.94847
1.94848
1.9485
1.94851
1.94853
1.94854
1.94856
1.94857
1.94859
1.9486
1.94862
1.94863
1.94865
1.94866
1.94868
1.94869
1.94871
1.94872
1.94874
1.94875
1.94877
1.94878
1.9488
1.94881
1.94883
1.94884
1.94886
1.94887
1.94889
1.9489
1.94892
1.94893
1.94894
1.94896
1.94897
1.94899
1.949
1.94902
1.94903
1.94905
1.94906
1.94908
1.94909
1.94911
1.94912
1.94914
1.94915
1.94917
1.94918
1.9492
1.94921
1.94923
1.94924
1.94926
1.94927
1.94928
1.9493
1.94931
1.94933
1.94934
1.94936
1.94937
1.94939
1.9494
1.94942
1.94943
1.94945
1.94946
1.94948
1.94949
1.9495
1.94952
1.94953
1.94955
1.94956
1.94958
1.94959
1.94961
1.94962
1.94964
1.94965
1.94967
1.94968
1.94969
1.94971
1.94972
1.94974
1.94975
1.94977
1.94978
1.9498
1.94981
1.94983
1.94984
1.94985
1.94987
1.94988
1.9499
1.94991
1.94993
1.94994
1.94996
1.94997
1.94999
1.95
1.95001
1.95003
1.95004
1.95006
1.95007
1.95009
1.9501
1.95012
1.95013
1.95014
1.95016
1.95017
1.95019
1.9502
1.95022
1.95023
1.95025
1.95026
1.95027
1.95029
1.9503
1.95032
1.95033
1.95035
1.95036
1.95038
1.95039
1.9504
1.95042
1.95043
1.95045
1.95046
1.95048
1.95049
1.9505
1.95052
1.95053
1.95055
1.95056
1.95058
1.95059
1.9506
1.95062
1.95063
1.95065
1.95066
1.95068
1.95069
1.9507
1.95072
1.95073
1.95075
1.95076
1.95078
1.95079
1.9508
1.95082
1.95083
1.95085
1.95086
1.95088
1.95089
1.9509
1.95092
1.95093
1.95095
1.95096
1.95097
1.95099
1.951
1.95102
1.95103
1.95105
1.95106
1.95107
1.95109
1.9511
1.95112
1.95113
1.95114
1.95116
1.95117
1.95119
1.9512
1.95122
1.95123
1.95124
1.95126
1.95127
1.95129
1.9513
1.95131
1.95133
1.95134
1.95136
1.95137
1.95138
1.9514
1.95141
1.95143
1.95144
1.95145
1.95147
1.95148
1.9515
1.95151
1.95152
1.95154
1.95155
1.95157
1.95158
1.95159
1.95161
1.95162
1.95164
1.95165
1.95166
1.95168
1.95169
1.95171
1.95172
1.95173
1.95175
1.95176
1.95178
1.95179
1.9518
1.95182
1.95183
1.95185
1.95186
1.95187
1.95189
1.9519
1.95192
1.95193
1.95194
1.95196
1.95197
1.95198
1.952
1.95201
1.95203
1.95204
1.95205
1.95207
1.95208
1.9521
1.95211
1.95212
1.95214
1.95215
1.95216
1.95218
1.95219
1.95221
1.95222
1.95223
1.95225
1.95226
1.95227
1.95229
1.9523
1.95232
1.95233
1.95234
1.95236
1.95237
1.95238
1.9524
1.95241
1.95243
1.95244
1.95245
1.95247
1.95248
1.95249
1.95251
1.95252
1.95254
1.95255
1.95256
1.95258
1.95259
1.9526
1.95262
1.95263
1.95265
1.95266
1.95267
1.95269
1.9527
1.95271
1.95273
1.95274
1.95275
1.95277
1.95278
1.9528
1.95281
1.95282
1.95284
1.95285
1.95286
1.95288
1.95289
1.9529
1.95292
1.95293
1.95294
1.95296
1.95297
1.95299
1.953
1.95301
1.95303
1.95304
1.95305
1.95307
1.95308
1.95309
1.95311
1.95312
1.95313
1.95315
1.95316
1.95317
1.95319
1.9532
1.95322
1.95323
1.95324
1.95326
1.95327
1.95328
1.9533
1.95331
1.95332
1.95334
1.95335
1.95336
1.95338
1.95339
1.9534
1.95342
1.95343
1.95344
1.95346
1.95347
1.95348
1.9535
1.95351
1.95352
1.95354
1.95355
1.95356
1.95358
1.95359
1.9536
1.95362
1.95363
1.95364
1.95366
1.95367
1.95368
1.9537
1.95371
1.95372
1.95374
1.95375
1.95376
1.95378
1.95379
1.9538
1.95382
1.95383
1.95384
1.95386
1.95387
1.95388
1.9539
1.95391
1.95392
1.95394
1.95395
1.95396
1.95398
1.95399
1.954
1.95402
1.95403
1.95404
1.95406
1.95407
1.95408
1.9541
1.95411
1.95412
1.95414
1.95415
1.95416
1.95418
1.95419
1.9542
1.95421
1.95423
1.95424
1.95425
1.95427
1.95428
1.95429
1.95431
1.95432
1.95433
1.95435
1.95436
1.95437
1.95439
1.9544
1.95441
1.95442
1.95444
1.95445
1.95446
1.95448
1.95449
1.9545
1.95452
1.95453
1.95454
1.95456
1.95457
1.95458
1.9546
1.95461
1.95462
1.95463
1.95465
1.95466
1.95467
1.95469
1.9547
1.95471
1.95473
1.95474
1.95475
1.95476
1.95478
1.95479
1.9548
1.95482
1.95483
1.95484
1.95486
1.95487
1.95488
1.95489
1.95491
1.95492
1.95493
1.95495
1.95496
1.95497
1.95498
1.955
1.95501
1.95502
1.95504
1.95505
1.95506
1.95508
1.95509
1.9551
1.95511
1.95513
1.95514
1.95515
1.95517
1.95518
1.95519
1.9552
1.95522
1.95523
1.95524
1.95526
1.95527
1.95528
1.95529
1.95531
1.95532
1.95533
1.95535
1.95536
1.95537
1.95538
1.9554
1.95541
1.95542
1.95544
1.95545
1.95546
1.95547
1.95549
1.9555
1.95551
1.95552
1.95554
1.95555
1.95556
1.95558
1.95559
1.9556
1.95561
1.95563
1.95564
1.95565
1.95567
1.95568
1.95569
1.9557
1.95572
1.95573
1.95574
1.95575
1.95577
1.95578
1.95579
1.9558
1.95582
1.95583
1.95584
1.95586
1.95587
1.95588
1.95589
1.95591
1.95592
1.95593
1.95594
1.95596
1.95597
1.95598
1.95599
1.95601
1.95602
1.95603
1.95605
1.95606
1.95607
1.95608
1.9561
1.95611
1.95612
1.95613
1.95615
1.95616
1.95617
1.95618
1.9562
1.95621
1.95622
1.95623
1.95625
1.95626
1.95627
1.95628
1.9563
1.95631
1.95632
1.95633
1.95635
1.95636
1.95637
1.95638
1.9564
1.95641
1.95642
1.95643
1.95645
1.95646
1.95647
1.95648
1.9565
1.95651
1.95652
1.95653
1.95655
1.95656
1.95657
1.95658
1.9566
1.95661
1.95662
1.95663
1.95665
1.95666
1.95667
1.95668
1.9567
1.95671
1.95672
1.95673
1.95675
1.95676
1.95677
1.95678
1.95679
1.95681
1.95682
1.95683
1.95684
1.95686
1.95687
1.95688
1.95689
1.95691
1.95692
1.95693
1.95694
1.95696
1.95697
1.95698
1.95699
1.957
1.95702
1.95703
1.95704
1.95705
1.95707
1.95708
1.95709
1.9571
1.95712
1.95713
1.95714
1.95715
1.95716
1.95718
1.95719
1.9572
1.95721
1.95723
1.95724
1.95725
1.95726
1.95727
1.95729
1.9573
1.95731
1.95732
1.95734
1.95735
1.95736
1.95737
1.95738
1.9574
1.95741
1.95742
1.95743
1.95745
1.95746
1.95747
1.95748
1.95749
1.95751
1.95752
1.95753
1.95754
1.95755
1.95757
1.95758
1.95759
1.9576
1.95762
1.95763
1.95764
1.95765
1.95766
1.95768
1.95769
1.9577
1.95771
1.95772
1.95774
1.95775
1.95776
1.95777
1.95778
1.9578
1.95781
1.95782
1.95783
1.95785
1.95786
1.95787
1.95788
1.95789
1.95791
1.95792
1.95793
1.95794
1.95795
1.95797
1.95798
1.95799
1.958
1.95801
1.95803
1.95804
1.95805
1.95806
1.95807
1.95809
1.9581
1.95811
1.95812
1.95813
1.95815
1.95816
1.95817
1.95818
1.95819
1.95821
1.95822
1.95823
1.95824
1.95825
1.95826
1.95828
1.95829
1.9583
1.95831
1.95832
1.95834
1.95835
1.95836
1.95837
1.95838
1.9584
1.95841
1.95842
1.95843
1.95844
1.95845
1.95847
1.95848
1.95849
1.9585
1.95851
1.95853
1.95854
1.95855
1.95856
1.95857
1.95859
1.9586
1.95861
1.95862
1.95863
1.95864
1.95866
1.95867
1.95868
1.95869
1.9587
1.95872
1.95873
1.95874
1.95875
1.95876
1.95877
1.95879
1.9588
1.95881
1.95882
1.95883
1.95884
1.95886
1.95887
1.95888
1.95889
1.9589
1.95891
1.95893
1.95894
1.95895
1.95896
1.95897
1.95899
1.959
1.95901
1.95902
1.95903
1.95904
1.95906
1.95907
1.95908
1.95909
1.9591
1.95911
1.95913
1.95914
1.95915
1.95916
1.95917
1.95918
1.9592
1.95921
1.95922
1.95923
1.95924
1.95925
1.95927
1.95928
1.95929
1.9593
1.95931
1.95932
1.95933
1.95935
1.95936
1.95937
1.95938
1.95939
1.9594
1.95942
1.95943
1.95944
1.95945
1.95946
1.95947
1.95949
1.9595
1.95951
1.95952
1.95953
1.95954
1.95955
1.95957
1.95958
1.95959
1.9596
1.95961
1.95962
1.95963
1.95965
1.95966
1.95967
1.95968
1.95969
1.9597
1.95972
1.95973
1.95974
1.95975
1.95976
1.95977
1.95978
1.9598
1.95981
1.95982
1.95983
1.95984
1.95985
1.95986
1.95988
1.95989
1.9599
1.95991
1.95992
1.95993
1.95994
1.95996
1.95997
1.95998
1.95999
1.96
1.96001
1.96002
1.96004
1.96005
1.96006
1.96007
1.96008
1.96009
1.9601
1.96012
1.96013
1.96014
1.96015
1.96016
1.96017
1.96018
1.96019
1.96021
1.96022
1.96023
1.96024
1.96025
1.96026
1.96027
1.96028
1.9603
1.96031
1.96032
1.96033
1.96034
1.96035
1.96036
1.96038
1.96039
1.9604
1.96041
1.96042
1.96043
1.96044
1.96045
1.96047
1.96048
1.96049
1.9605
1.96051
1.96052
1.96053
1.96054
1.96056
1.96057
1.96058
1.96059
1.9606
1.96061
1.96062
1.96063
1.96064
1.96066
1.96067
1.96068
1.96069
1.9607
1.96071
1.96072
1.96073
1.96075
1.96076
1.96077
1.96078
1.96079
1.9608
1.96081
1.96082
1.96083
1.96085
1.96086
1.96087
1.96088
1.96089
1.9609
1.96091
1.96092
1.96093
1.96095
1.96096
1.96097
1.96098
1.96099
1.961
1.96101
1.96102
1.96103
1.96105
1.96106
1.96107
1.96108
1.96109
1.9611
1.96111
1.96112
1.96113
1.96115
1.96116
1.96117
1.96118
1.96119
1.9612
1.96121
1.96122
1.96123
1.96124
1.96126
1.96127
1.96128
1.96129
1.9613
1.96131
1.96132
1.96133
1.96134
1.96135
1.96137
1.96138
1.96139
1.9614
1.96141
1.96142
1.96143
1.96144
1.96145
1.96146
1.96147
1.96149
1.9615
1.96151
1.96152
1.96153
1.96154
1.96155
1.96156
1.96157
1.96158
1.9616
1.96161
1.96162
1.96163
1.96164
1.96165
1.96166
1.96167
1.96168
1.96169
1.9617
1.96171
1.96173
1.96174
1.96175
1.96176
1.96177
1.96178
1.96179
1.9618
1.96181
1.96182
1.96183
1.96184
1.96186
1.96187
1.96188
1.96189
1.9619
1.96191
1.96192
1.96193
1.96194
1.96195
1.96196
1.96197
1.96199
1.962
1.96201
1.96202
1.96203
1.96204
1.96205
1.96206
1.96207
1.96208
1.96209
1.9621
1.96211
1.96213
1.96214
1.96215
1.96216
1.96217
1.96218
1.96219
1.9622
1.96221
1.96222
1.96223
1.96224
1.96225
1.96226
1.96228
1.96229
1.9623
1.96231
1.96232
1.96233
1.96234
1.96235
1.96236
1.96237
1.96238
1.96239
1.9624
1.96241
1.96242
1.96244
1.96245
1.96246
1.96247
1.96248
1.96249
1.9625
1.96251
1.96252
1.96253
1.96254
1.96255
1.96256
1.96257
1.96258
1.96259
1.96261
1.96262
1.96263
1.96264
1.96265
1.96266
1.96267
1.96268
1.96269
1.9627
1.96271
1.96272
1.96273
1.96274
1.96275
1.96276
1.96277
1.96279
1.9628
1.96281
1.96282
1.96283
1.96284
1.96285
1.96286
1.96287
1.96288
1.96289
1.9629
1.96291
1.96292
1.96293
1.96294
1.96295
1.96296
1.96297
1.96298
1.963
1.96301
1.96302
1.96303
1.96304
1.96305
1.96306
1.96307
1.96308
1.96309
1.9631
1.96311
1.96312
1.96313
1.96314
1.96315
1.96316
1.96317
1.96318
1.96319
1.9632
1.96321
1.96322
1.96324
1.96325
1.96326
1.96327
1.96328
1.96329
1.9633
1.96331
1.96332
1.96333
1.96334
1.96335
1.96336
1.96337
1.96338
1.96339
1.9634
1.96341
1.96342
1.96343
1.96344
1.96345
1.96346
1.96347
1.96348
1.96349
1.9635
1.96352
1.96353
1.96354
1.96355
1.96356
1.96357
1.96358
1.96359
1.9636
1.96361
1.96362
1.96363
1.96364
1.96365
1.96366
1.96367
1.96368
1.96369
1.9637
1.96371
1.96372
1.96373
1.96374
1.96375
1.96376
1.96377
1.96378
1.96379
1.9638
1.96381
1.96382
1.96383
1.96384
1.96385
1.96386
1.96387
1.96388
1.96389
1.9639
1.96392
1.96393
1.96394
1.96395
1.96396
1.96397
1.96398
1.96399
1.964
1.96401
1.96402
1.96403
1.96404
1.96405
1.96406
1.96407
1.96408
1.96409
1.9641
1.96411
1.96412
1.96413
1.96414
1.96415
1.96416
1.96417
1.96418
1.96419
1.9642
1.96421
1.96422
1.96423
1.96424
1.96425
1.96426
1.96427
1.96428
1.96429
1.9643
1.96431
1.96432
1.96433
1.96434
1.96435
1.96436
1.96437
1.96438
1.96439
1.9644
1.96441
1.96442
1.96443
1.96444
1.96445
1.96446
1.96447
1.96448
1.96449
1.9645
1.96451
1.96452
1.96453
1.96454
1.96455
1.96456
1.96457
1.96458
1.96459
1.9646
1.96461
1.96462
1.96463
1.96464
1.96465
1.96466
1.96467
1.96468
1.96469
1.9647
1.96471
1.96472
1.96473
1.96474
1.96475
1.96476
1.96477
1.96478
1.96479
1.9648
1.96481
1.96482
1.96483
1.96484
1.96485
1.96486
1.96487
1.96488
1.96489
1.9649
1.96491
1.96492
1.96493
1.96494
1.96495
1.96496
1.96497
1.96498
1.96499
1.965
1.96501
1.96502
1.96503
1.96504
1.96505
1.96506
1.96507
1.96508
1.96509
1.9651
1.96511
1.96512
1.96513
1.96514
1.96515
1.96516
1.96517
1.96518
1.96519
1.9652
1.96521
1.96522
1.96522
1.96523
1.96524
1.96525
1.96526
1.96527
1.96528
1.96529
1.9653
1.96531
1.96532
1.96533
1.96534
1.96535
1.96536
1.96537
1.96538
1.96539
1.9654
1.96541
1.96542
1.96543
1.96544
1.96545
1.96546
1.96547
1.96548
1.96549
1.9655
1.96551
1.96552
1.96553
1.96554
1.96555
1.96556
1.96557
1.96558
1.96559
1.9656
1.9656
1.96561
1.96562
1.96563
1.96564
1.96565
1.96566
1.96567
1.96568
1.96569
1.9657
1.96571
1.96572
1.96573
1.96574
1.96575
1.96576
1.96577
1.96578
1.96579
1.9658
1.96581
1.96582
1.96583
1.96584
1.96585
1.96586
1.96587
1.96588
1.96588
1.96589
1.9659
1.96591
1.96592
1.96593
1.96594
1.96595
1.96596
1.96597
1.96598
1.96599
1.966
1.96601
1.96602
1.96603
1.96604
1.96605
1.96606
1.96607
1.96608
1.96609
1.9661
1.9661
1.96611
1.96612
1.96613
1.96614
1.96615
1.96616
1.96617
1.96618
1.96619
1.9662
1.96621
1.96622
1.96623
1.96624
1.96625
1.96626
1.96627
1.96628
1.96629
1.96629
1.9663
1.96631
1.96632
1.96633
1.96634
1.96635
1.96636
1.96637
1.96638
1.96639
1.9664
1.96641
1.96642
1.96643
1.96644
1.96645
1.96646
1.96647
1.96647
1.96648
1.96649
1.9665
1.96651
1.96652
1.96653
1.96654
1.96655
1.96656
1.96657
1.96658
1.96659
1.9666
1.96661
1.96662
1.96662
1.96663
1.96664
1.96665
1.96666
1.96667
1.96668
1.96669
1.9667
1.96671
1.96672
1.96673
1.96674
1.96675
1.96676
1.96677
1.96677
1.96678
1.96679
1.9668
1.96681
1.96682
1.96683
1.96684
1.96685
1.96686
1.96687
1.96688
1.96689
1.9669
1.9669
1.96691
1.96692
1.96693
1.96694
1.96695
1.96696
1.96697
1.96698
1.96699
1.967
1.96701
1.96702
1.96703
1.96703
1.96704
1.96705
1.96706
1.96707
1.96708
1.96709
1.9671
1.96711
1.96712
1.96713
1.96714
1.96715
1.96715
1.96716
1.96717
1.96718
1.96719
1.9672
1.96721
1.96722
1.96723
1.96724
1.96725
1.96726
1.96727
1.96727
1.96728
1.96729
1.9673
1.96731
1.96732
1.96733
1.96734
1.96735
1.96736
1.96737
1.96738
1.96738
1.96739
1.9674
1.96741
1.96742
1.96743
1.96744
1.96745
1.96746
1.96747
1.96748
1.96749
1.96749
1.9675
1.96751
1.96752
1.96753
1.96754
1.96755
1.96756
1.96757
1.96758
1.96759
1.96759
1.9676
1.96761
1.96762
1.96763
1.96764
1.96765
1.96766
1.96767
1.96768
1.96769
1.96769
1.9677
1.96771
1.96772
1.96773
1.96774
1.96775
1.96776
1.96777
1.96778
1.96778
1.96779
1.9678
1.96781
1.96782
1.96783
1.96784
1.96785
1.96786
1.96787
1.96787
1.96788
1.96789
1.9679
1.96791
1.96792
1.96793
1.96794
1.96795
1.96796
1.96796
1.96797
1.96798
1.96799
1.968
1.96801
1.96802
1.96803
1.96804
1.96805
1.96805
1.96806
1.96807
1.96808
1.96809
1.9681
1.96811
1.96812
1.96813
1.96813
1.96814
1.96815
1.96816
1.96817
1.96818
1.96819
1.9682
1.96821
1.96821
1.96822
1.96823
1.96824
1.96825
1.96826
1.96827
1.96828
1.96829
1.96829
1.9683
1.96831
1.96832
1.96833
1.96834
1.96835
1.96836
1.96837
1.96837
1.96838
1.96839
1.9684
1.96841
1.96842
1.96843
1.96844
1.96845
1.96845
1.96846
1.96847
1.96848
1.96849
1.9685
1.96851
1.96852
1.96852
1.96853
1.96854
1.96855
1.96856
1.96857
1.96858
1.96859
1.9686
1.9686
1.96861
1.96862
1.96863
1.96864
1.96865
1.96866
1.96867
1.96867
1.96868
1.96869
1.9687
1.96871
1.96872
1.96873
1.96874
1.96874
1.96875
1.96876
1.96877
1.96878
1.96879
1.9688
1.96881
1.96881
1.96882
1.96883
1.96884
1.96885
1.96886
1.96887
1.96888
1.96888
1.96889
1.9689
1.96891
1.96892
1.96893
1.96894
1.96894
1.96895
1.96896
1.96897
1.96898
1.96899
1.969
1.96901
1.96901
1.96902
1.96903
1.96904
1.96905
1.96906
1.96907
1.96907
1.96908
1.96909
1.9691
1.96911
1.96912
1.96913
1.96914
1.96914
1.96915
1.96916
1.96917
1.96918
1.96919
1.9692
1.9692
1.96921
1.96922
1.96923
1.96924
1.96925
1.96926
1.96926
1.96927
1.96928
1.96929
1.9693
1.96931
1.96932
1.96932
1.96933
1.96934
1.96935
1.96936
1.96937
1.96938
1.96938
1.96939
1.9694
1.96941
1.96942
1.96943
1.96944
1.96944
1.96945
1.96946
1.96947
1.96948
1.96949
1.9695
1.9695
1.96951
1.96952
1.96953
1.96954
1.96955
1.96955
1.96956
1.96957
1.96958
1.96959
1.9696
1.96961
1.96961
1.96962
1.96963
1.96964
1.96965
1.96966
1.96967
1.96967
1.96968
1.96969
1.9697
1.96971
1.96972
1.96972
1.96973
1.96974
1.96975
1.96976
1.96977
1.96978
1.96978
1.96979
1.9698
1.96981
1.96982
1.96983
1.96983
1.96984
1.96985
1.96986
1.96987
1.96988
1.96988
1.96989
1.9699
1.96991
1.96992
1.96993
1.96993
1.96994
1.96995
1.96996
1.96997
1.96998
1.96999
1.96999
1.97
1.97001
1.97002
1.97003
1.97004
1.97004
1.97005
1.97006
1.97007
1.97008
1.97009
1.97009
1.9701
1.97011
1.97012
1.97013
1.97014
1.97014
1.97015
1.97016
1.97017
1.97018
1.97019
1.97019
1.9702
1.97021
1.97022
1.97023
1.97024
1.97024
1.97025
1.97026
1.97027
1.97028
1.97028
1.97029
1.9703
1.97031
1.97032
1.97033
1.97033
1.97034
1.97035
1.97036
1.97037
1.97038
1.97038
1.97039
1.9704
1.97041
1.97042
1.97043
1.97043
1.97044
1.97045
1.97046
1.97047
1.97047
1.97048
1.97049
1.9705
1.97051
1.97052
1.97052
1.97053
1.97054
1.97055
1.97056
1.97057
1.97057
1.97058
1.97059
1.9706
1.97061
1.97061
1.97062
1.97063
1.97064
1.97065
1.97066
1.97066
1.97067
1.97068
1.97069
1.9707
1.9707
1.97071
1.97072
1.97073
1.97074
1.97074
1.97075
1.97076
1.97077
1.97078
1.97079
1.97079
1.9708
1.97081
1.97082
1.97083
1.97083
1.97084
1.97085
1.97086
1.97087
1.97088
1.97088
1.97089
1.9709
1.97091
1.97092
1.97092
1.97093
1.97094
1.97095
1.97096
1.97096
1.97097
1.97098
1.97099
1.971
1.971
1.97101
1.97102
1.97103
1.97104
1.97104
1.97105
1.97106
1.97107
1.97108
1.97109
1.97109
1.9711
1.97111
1.97112
1.97113
1.97113
1.97114
1.97115
1.97116
1.97117
1.97117
1.97118
1.97119
1.9712
1.97121
1.97121
1.97122
1.97123
1.97124
1.97125
1.97125
1.97126
1.97127
1.97128
1.97129
1.97129
1.9713
1.97131
1.97132
1.97133
1.97133
1.97134
1.97135
1.97136
1.97137
1.97137
1.97138
1.97139
1.9714
1.9714
1.97141
1.97142
1.97143
1.97144
1.97144
1.97145
1.97146
1.97147
1.97148
1.97148
1.97149
1.9715
1.97151
1.97152
1.97152
1.97153
1.97154
1.97155
1.97156
1.97156
1.97157
1.97158
1.97159
1.9716
1.9716
1.97161
1.97162
1.97163
1.97163
1.97164
1.97165
1.97166
1.97167
1.97167
1.97168
1.97169
1.9717
1.97171
1.97171
1.97172
1.97173
1.97174
1.97174
1.97175
1.97176
1.97177
1.97178
1.97178
1.97179
1.9718
1.97181
1.97182
1.97182
1.97183
1.97184
1.97185
1.97185
1.97186
1.97187
1.97188
1.97189
1.97189
1.9719
1.97191
1.97192
1.97192
1.97193
1.97194
1.97195
1.97196
1.97196
1.97197
1.97198
1.97199
1.97199
1.972
1.97201
1.97202
1.97203
1.97203
1.97204
1.97205
1.97206
1.97206
1.97207
1.97208
1.97209
1.9721
1.9721
1.97211
1.97212
1.97213
1.97213
1.97214
1.97215
1.97216
1.97217
1.97217
1.97218
1.97219
1.9722
1.9722
1.97221
1.97222
1.97223
1.97223
1.97224
1.97225
1.97226
1.97227
1.97227
1.97228
1.97229
1.9723
1.9723
1.97231
1.97232
1.97233
1.97233
1.97234
1.97235
1.97236
1.97237
1.97237
1.97238
1.97239
1.9724
1.9724
1.97241
1.97242
1.97243
1.97243
1.97244
1.97245
1.97246
1.97246
1.97247
1.97248
1.97249
1.9725
1.9725
1.97251
1.97252
1.97253
1.97253
1.97254
1.97255
1.97256
1.97256
1.97257
1.97258
1.97259
1.97259
1.9726
1.97261
1.97262
1.97262
1.97263
1.97264
1.97265
1.97265
1.97266
1.97267
1.97268
1.97269
1.97269
1.9727
1.97271
1.97272
1.97272
1.97273
1.97274
1.97275
1.97275
1.97276
1.97277
1.97278
1.97278
1.97279
1.9728
1.97281
1.97281
1.97282
1.97283
1.97284
1.97284
1.97285
1.97286
1.97287
1.97287
1.97288
1.97289
1.9729
1.9729
1.97291
1.97292
1.97293
1.97293
1.97294
1.97295
1.97296
1.97296
1.97297
1.97298
1.97299
1.97299
1.973
1.97301
1.97302
1.97302
1.97303
1.97304
1.97305
1.97305
1.97306
1.97307
1.97308
1.97308
1.97309
1.9731
1.97311
1.97311
1.97312
1.97313
1.97314
1.97314
1.97315
1.97316
1.97317
1.97317
1.97318
1.97319
1.97319
1.9732
1.97321
1.97322
1.97322
1.97323
1.97324
1.97325
1.97325
1.97326
1.97327
1.97328
1.97328
1.97329
1.9733
1.97331
1.97331
1.97332
1.97333
1.97334
1.97334
1.97335
1.97336
1.97336
1.97337
1.97338
1.97339
1.97339
1.9734
1.97341
1.97342
1.97342
1.97343
1.97344
1.97345
1.97345
1.97346
1.97347
1.97348
1.97348
1.97349
1.9735
1.9735
1.97351
1.97352
1.97353
1.97353
1.97354
1.97355
1.97356
1.97356
1.97357
1.97358
1.97359
1.97359
1.9736
1.97361
1.97361
1.97362
1.97363
1.97364
1.97364
1.97365
1.97366
1.97367
1.97367
1.97368
1.97369
1.97369
1.9737
1.97371
1.97372
1.97372
1.97373
1.97374
1.97375
1.97375
1.97376
1.97377
1.97377
1.97378
1.97379
1.9738
1.9738
1.97381
1.97382
1.97383
1.97383
1.97384
1.97385
1.97385
1.97386
1.97387
1.97388
1.97388
1.97389
1.9739
1.9739
1.97391
1.97392
1.97393
1.97393
1.97394
1.97395
1.97395
1.97396
1.97397
1.97398
1.97398
1.97399
1.974
1.97401
1.97401
1.97402
1.97403
1.97403
1.97404
1.97405
1.97406
1.97406
1.97407
1.97408
1.97408
1.97409
1.9741
1.97411
1.97411
1.97412
1.97413
1.97413
1.97414
1.97415
1.97416
1.97416
1.97417
1.97418
1.97418
1.97419
1.9742
1.97421
1.97421
1.97422
1.97423
1.97423
1.97424
1.97425
1.97426
1.97426
1.97427
1.97428
1.97428
1.97429
1.9743
1.97431
1.97431
1.97432
1.97433
1.97433
1.97434
1.97435
1.97435
1.97436
1.97437
1.97438
1.97438
1.97439
1.9744
1.9744
1.97441
1.97442
1.97443
1.97443
1.97444
1.97445
1.97445
1.97446
1.97447
1.97447
1.97448
1.97449
1.9745
1.9745
1.97451
1.97452
1.97452
1.97453
1.97454
1.97455
1.97455
1.97456
1.97457
1.97457
1.97458
1.97459
1.97459
1.9746
1.97461
1.97462
1.97462
1.97463
1.97464
1.97464
1.97465
1.97466
1.97466
1.97467
1.97468
1.97469
1.97469
1.9747
1.97471
1.97471
1.97472
1.97473
1.97473
1.97474
1.97475
1.97475
1.97476
1.97477
1.97478
1.97478
1.97479
1.9748
1.9748
1.97481
1.97482
1.97482
1.97483
1.97484
1.97485
1.97485
1.97486
1.97487
1.97487
1.97488
1.97489
1.97489
1.9749
1.97491
1.97491
1.97492
1.97493
1.97494
1.97494
1.97495
1.97496
1.97496
1.97497
1.97498
1.97498
1.97499
1.975
1.975
1.97501
1.97502
1.97502
1.97503
1.97504
1.97505
1.97505
1.97506
1.97507
1.97507
1.97508
1.97509
1.97509
1.9751
1.97511
1.97511
1.97512
1.97513
1.97513
1.97514
1.97515
1.97516
1.97516
1.97517
1.97518
1.97518
1.97519
1.9752
1.9752
1.97521
1.97522
1.97522
1.97523
1.97524
1.97524
1.97525
1.97526
1.97526
1.97527
1.97528
1.97528
1.97529
1.9753
1.97531
1.97531
1.97532
1.97533
1.97533
1.97534
1.97535
1.97535
1.97536
1.97537
1.97537
1.97538
1.97539
1.97539
1.9754
1.97541
1.97541
1.97542
1.97543
1.97543
1.97544
1.97545
1.97545
1.97546
1.97547
1.97547
1.97548
1.97549
1.97549
1.9755
1.97551
1.97552
1.97552
1.97553
1.97554
1.97554
1.97555
1.97556
1.97556
1.97557
1.97558
1.97558
1.97559
1.9756
1.9756
1.97561
1.97562
1.97562
1.97563
1.97564
1.97564
1.97565
1.97566
1.97566
1.97567
1.97568
1.97568
1.97569
1.9757
1.9757
1.97571
1.97572
1.97572
1.97573
1.97574
1.97574
1.97575
1.97576
1.97576
1.97577
1.97578
1.97578
1.97579
1.9758
1.9758
1.97581
1.97582
1.97582
1.97583
1.97584
1.97584
1.97585
1.97586
1.97586
1.97587
1.97588
1.97588
1.97589
1.9759
1.9759
1.97591
1.97592
1.97592
1.97593
1.97594
1.97594
1.97595
1.97596
1.97596
1.97597
1.97598
1.97598
1.97599
1.976
1.976
1.97601
1.97601
1.97602
1.97603
1.97603
1.97604
1.97605
1.97605
1.97606
1.97607
1.97607
1.97608
1.97609
1.97609
1.9761
1.97611
1.97611
1.97612
1.97613
1.97613
1.97614
1.97615
1.97615
1.97616
1.97617
1.97617
1.97618
1.97619
1.97619
1.9762
1.97621
1.97621
1.97622
1.97622
1.97623
1.97624
1.97624
1.97625
1.97626
1.97626
1.97627
1.97628
1.97628
1.97629
1.9763
1.9763
1.97631
1.97632
1.97632
1.97633
1.97634
1.97634
1.97635
1.97636
1.97636
1.97637
1.97637
1.97638
1.97639
1.97639
1.9764
1.97641
1.97641
1.97642
1.97643
1.97643
1.97644
1.97645
1.97645
1.97646
1.97647
1.97647
1.97648
1.97648
1.97649
1.9765
1.9765
1.97651
1.97652
1.97652
1.97653
1.97654
1.97654
1.97655
1.97656
1.97656
1.97657
1.97657
1.97658
1.97659
1.97659
1.9766
1.97661
1.97661
1.97662
1.97663
1.97663
1.97664
1.97665
1.97665
1.97666
1.97666
1.97667
1.97668
1.97668
1.97669
1.9767
1.9767
1.97671
1.97672
1.97672
1.97673
1.97673
1.97674
1.97675
1.97675
1.97676
1.97677
1.97677
1.97678
1.97679
1.97679
1.9768
1.9768
1.97681
1.97682
1.97682
1.97683
1.97684
1.97684
1.97685
1.97686
1.97686
1.97687
1.97687
1.97688
1.97689
1.97689
1.9769
1.97691
1.97691
1.97692
1.97693
1.97693
1.97694
1.97694
1.97695
1.97696
1.97696
1.97697
1.97698
1.97698
1.97699
1.97699
1.977
1.97701
1.97701
1.97702
1.97703
1.97703
1.97704
1.97705
1.97705
1.97706
1.97706
1.97707
1.97708
1.97708
1.97709
1.9771
1.9771
1.97711
1.97711
1.97712
1.97713
1.97713
1.97714
1.97715
1.97715
1.97716
1.97716
1.97717
1.97718
1.97718
1.97719
1.9772
1.9772
1.97721
1.97721
1.97722
1.97723
1.97723
1.97724
1.97725
1.97725
1.97726
1.97726
1.97727
1.97728
1.97728
1.97729
1.9773
1.9773
1.97731
1.97731
1.97732
1.97733
1.97733
1.97734
1.97735
1.97735
1.97736
1.97736
1.97737
1.97738
1.97738
1.97739
1.97739
1.9774
1.97741
1.97741
1.97742
1.97743
1.97743
1.97744
1.97744
1.97745
1.97746
1.97746
1.97747
1.97747
1.97748
1.97749
1.97749
1.9775
1.97751
1.97751
1.97752
1.97752
1.97753
1.97754
1.97754
1.97755
1.97755
1.97756
1.97757
1.97757
1.97758
1.97759
1.97759
1.9776
1.9776
1.97761
1.97762
1.97762
1.97763
1.97763
1.97764
1.97765
