x	y	pdf
2.23386e-07	2.57589e-16	0
2.23386e-07	3.6921e-16	0
2.23386e-07	5.29199e-16	0
2.23386e-07	7.58517e-16	0
2.23386e-07	1.0872e-15	0
2.23386e-07	1.55832e-15	0
2.23386e-07	2.23359e-15	0
2.23386e-07	3.20147e-15	0
2.23386e-07	4.58876e-15	0
2.23386e-07	6.57721e-15	0
2.23386e-07	9.4273e-15	0
2.23386e-07	1.35124e-14	0
2.23386e-07	1.93678e-14	0
2.23386e-07	2.77604e-14	0
2.23386e-07	3.97898e-14	0
2.23386e-07	5.70319e-14	0
2.23386e-07	8.17455e-14	0
2.23386e-07	1.17168e-13	0
2.23386e-07	1.67941e-13	0
2.23386e-07	2.40714e-13	0
2.23386e-07	3.45023e-13	0
2.23386e-07	4.94531e-13	0
2.23386e-07	7.08826e-13	0
2.23386e-07	1.01598e-12	0
2.23386e-07	1.45624e-12	0
2.23386e-07	2.08727e-12	0
2.23386e-07	2.99174e-12	0
2.23386e-07	4.28815e-12	0
2.23386e-07	6.14633e-12	0
2.23386e-07	8.80971e-12	0
2.23386e-07	1.26272e-11	0
2.23386e-07	1.8099e-11	0
2.23386e-07	2.59418e-11	0
2.23386e-07	3.71831e-11	0
2.23386e-07	5.32957e-11	0
2.23386e-07	7.63902e-11	0
2.23386e-07	1.09492e-10	0
2.23386e-07	1.56939e-10	0
2.23386e-07	2.24945e-10	0
2.23386e-07	3.2242e-10	0
2.23386e-07	4.62134e-10	0
2.23386e-07	6.6239e-10	0
2.23386e-07	9.49423e-10	0
2.23386e-07	1.36084e-09	0
2.23386e-07	1.95053e-09	0
2.23386e-07	2.79575e-09	0
2.23386e-07	4.00723e-09	0
2.23386e-07	5.74368e-09	0
2.23386e-07	8.23258e-09	0
2.23386e-07	1.18e-08	0
3.20186e-07	2.57589e-16	0
3.20186e-07	3.6921e-16	0
3.20186e-07	5.29199e-16	0
3.20186e-07	7.58517e-16	0
3.20186e-07	1.0872e-15	0
3.20186e-07	1.55832e-15	0
3.20186e-07	2.23359e-15	0
3.20186e-07	3.20147e-15	0
3.20186e-07	4.58876e-15	0
3.20186e-07	6.57721e-15	0
3.20186e-07	9.4273e-15	0
3.20186e-07	1.35124e-14	0
3.20186e-07	1.93678e-14	0
3.20186e-07	2.77604e-14	0
3.20186e-07	3.97898e-14	0
3.20186e-07	5.70319e-14	1.49787e+17
3.20186e-07	8.17455e-14	0
3.20186e-07	1.17168e-13	0
3.20186e-07	1.67941e-13	0
3.20186e-07	2.40714e-13	0
3.20186e-07	3.45023e-13	0
3.20186e-07	4.94531e-13	0
3.20186e-07	7.08826e-13	0
3.20186e-07	1.01598e-12	0
3.20186e-07	1.45624e-12	0
3.20186e-07	2.08727e-12	0
3.20186e-07	2.99174e-12	0
3.20186e-07	4.28815e-12	0
3.20186e-07	6.14633e-12	0
3.20186e-07	8.80971e-12	0
3.20186e-07	1.26272e-11	0
3.20186e-07	1.8099e-11	0
3.20186e-07	2.59418e-11	0
3.20186e-07	3.71831e-11	0
3.20186e-07	5.32957e-11	0
3.20186e-07	7.63902e-11	0
3.20186e-07	1.09492e-10	0
3.20186e-07	1.56939e-10	0
3.20186e-07	2.24945e-10	0
3.20186e-07	3.2242e-10	0
3.20186e-07	4.62134e-10	0
3.20186e-07	6.6239e-10	0
3.20186e-07	9.49423e-10	0
3.20186e-07	1.36084e-09	0
3.20186e-07	1.95053e-09	0
3.20186e-07	2.79575e-09	0
3.20186e-07	4.00723e-09	0
3.20186e-07	5.74368e-09	0
3.20186e-07	8.23258e-09	0
3.20186e-07	1.18e-08	0
4.58933e-07	2.57589e-16	0
4.58933e-07	3.6921e-16	0
4.58933e-07	5.29199e-16	0
4.58933e-07	7.58517e-16	0
4.58933e-07	1.0872e-15	0
4.58933e-07	1.55832e-15	0
4.58933e-07	2.23359e-15	0
4.58933e-07	3.20147e-15	0
4.58933e-07	4.58876e-15	0
4.58933e-07	6.57721e-15	0
4.58933e-07	9.4273e-15	0
4.58933e-07	1.35124e-14	0
4.58933e-07	1.93678e-14	0
4.58933e-07	2.77604e-14	0
4.58933e-07	3.97898e-14	0
4.58933e-07	5.70319e-14	1.30629e+18
4.58933e-07	8.17455e-14	0
4.58933e-07	1.17168e-13	0
4.58933e-07	1.67941e-13	0
4.58933e-07	2.40714e-13	0
4.58933e-07	3.45023e-13	0
4.58933e-07	4.94531e-13	0
4.58933e-07	7.08826e-13	0
4.58933e-07	1.01598e-12	0
4.58933e-07	1.45624e-12	0
4.58933e-07	2.08727e-12	0
4.58933e-07	2.99174e-12	0
4.58933e-07	4.28815e-12	0
4.58933e-07	6.14633e-12	0
4.58933e-07	8.80971e-12	0
4.58933e-07	1.26272e-11	0
4.58933e-07	1.8099e-11	0
4.58933e-07	2.59418e-11	0
4.58933e-07	3.71831e-11	0
4.58933e-07	5.32957e-11	0
4.58933e-07	7.63902e-11	0
4.58933e-07	1.09492e-10	0
4.58933e-07	1.56939e-10	0
4.58933e-07	2.24945e-10	0
4.58933e-07	3.2242e-10	0
4.58933e-07	4.62134e-10	0
4.58933e-07	6.6239e-10	0
4.58933e-07	9.49423e-10	0
4.58933e-07	1.36084e-09	0
4.58933e-07	1.95053e-09	0
4.58933e-07	2.79575e-09	0
4.58933e-07	4.00723e-09	0
4.58933e-07	5.74368e-09	0
4.58933e-07	8.23258e-09	0
4.58933e-07	1.18e-08	0
6.57801e-07	2.57589e-16	0
6.57801e-07	3.6921e-16	0
6.57801e-07	5.29199e-16	0
6.57801e-07	7.58517e-16	0
6.57801e-07	1.0872e-15	0
6.57801e-07	1.55832e-15	0
6.57801e-07	2.23359e-15	0
6.57801e-07	3.20147e-15	0
6.57801e-07	4.58876e-15	0
6.57801e-07	6.57721e-15	0
6.57801e-07	9.4273e-15	0
6.57801e-07	1.35124e-14	0
6.57801e-07	1.93678e-14	0
6.57801e-07	2.77604e-14	0
6.57801e-07	3.97898e-14	0
6.57801e-07	5.70319e-14	1.05719e+18
6.57801e-07	8.17455e-14	0
6.57801e-07	1.17168e-13	0
6.57801e-07	1.67941e-13	0
6.57801e-07	2.40714e-13	0
6.57801e-07	3.45023e-13	0
6.57801e-07	4.94531e-13	0
6.57801e-07	7.08826e-13	0
6.57801e-07	1.01598e-12	0
6.57801e-07	1.45624e-12	0
6.57801e-07	2.08727e-12	0
6.57801e-07	2.99174e-12	0
6.57801e-07	4.28815e-12	0
6.57801e-07	6.14633e-12	0
6.57801e-07	8.80971e-12	0
6.57801e-07	1.26272e-11	0
6.57801e-07	1.8099e-11	0
6.57801e-07	2.59418e-11	0
6.57801e-07	3.71831e-11	0
6.57801e-07	5.32957e-11	0
6.57801e-07	7.63902e-11	0
6.57801e-07	1.09492e-10	0
6.57801e-07	1.56939e-10	0
6.57801e-07	2.24945e-10	0
6.57801e-07	3.2242e-10	0
6.57801e-07	4.62134e-10	0
6.57801e-07	6.6239e-10	0
6.57801e-07	9.49423e-10	0
6.57801e-07	1.36084e-09	0
6.57801e-07	1.95053e-09	0
6.57801e-07	2.79575e-09	0
6.57801e-07	4.00723e-09	0
6.57801e-07	5.74368e-09	0
6.57801e-07	8.23258e-09	0
6.57801e-07	1.18e-08	0
9.42846e-07	2.57589e-16	0
9.42846e-07	3.6921e-16	0
9.42846e-07	5.29199e-16	0
9.42846e-07	7.58517e-16	0
9.42846e-07	1.0872e-15	0
9.42846e-07	1.55832e-15	0
9.42846e-07	2.23359e-15	0
9.42846e-07	3.20147e-15	0
9.42846e-07	4.58876e-15	0
9.42846e-07	6.57721e-15	0
9.42846e-07	9.4273e-15	0
9.42846e-07	1.35124e-14	0
9.42846e-07	1.93678e-14	0
9.42846e-07	2.77604e-14	0
9.42846e-07	3.97898e-14	0
9.42846e-07	5.70319e-14	9.15608e+17
9.42846e-07	8.17455e-14	0
9.42846e-07	1.17168e-13	0
9.42846e-07	1.67941e-13	0
9.42846e-07	2.40714e-13	0
9.42846e-07	3.45023e-13	0
9.42846e-07	4.94531e-13	0
9.42846e-07	7.08826e-13	0
9.42846e-07	1.01598e-12	0
9.42846e-07	1.45624e-12	0
9.42846e-07	2.08727e-12	0
9.42846e-07	2.99174e-12	0
9.42846e-07	4.28815e-12	0
9.42846e-07	6.14633e-12	0
9.42846e-07	8.80971e-12	0
9.42846e-07	1.26272e-11	0
9.42846e-07	1.8099e-11	0
9.42846e-07	2.59418e-11	0
9.42846e-07	3.71831e-11	0
9.42846e-07	5.32957e-11	0
9.42846e-07	7.63902e-11	0
9.42846e-07	1.09492e-10	0
9.42846e-07	1.56939e-10	0
9.42846e-07	2.24945e-10	0
9.42846e-07	3.2242e-10	0
9.42846e-07	4.62134e-10	0
9.42846e-07	6.6239e-10	0
9.42846e-07	9.49423e-10	0
9.42846e-07	1.36084e-09	0
9.42846e-07	1.95053e-09	0
9.42846e-07	2.79575e-09	0
9.42846e-07	4.00723e-09	0
9.42846e-07	5.74368e-09	0
9.42846e-07	8.23258e-09	0
9.42846e-07	1.18e-08	0
1.35141e-06	2.57589e-16	0
1.35141e-06	3.6921e-16	0
1.35141e-06	5.29199e-16	0
1.35141e-06	7.58517e-16	0
1.35141e-06	1.0872e-15	0
1.35141e-06	1.55832e-15	0
1.35141e-06	2.23359e-15	0
1.35141e-06	3.20147e-15	0
1.35141e-06	4.58876e-15	0
1.35141e-06	6.57721e-15	0
1.35141e-06	9.4273e-15	0
1.35141e-06	1.35124e-14	0
1.35141e-06	1.93678e-14	0
1.35141e-06	2.77604e-14	0
1.35141e-06	3.97898e-14	0
1.35141e-06	5.70319e-14	7.2752e+17
1.35141e-06	8.17455e-14	0
1.35141e-06	1.17168e-13	0
1.35141e-06	1.67941e-13	0
1.35141e-06	2.40714e-13	0
1.35141e-06	3.45023e-13	0
1.35141e-06	4.94531e-13	0
1.35141e-06	7.08826e-13	0
1.35141e-06	1.01598e-12	0
1.35141e-06	1.45624e-12	0
1.35141e-06	2.08727e-12	0
1.35141e-06	2.99174e-12	0
1.35141e-06	4.28815e-12	0
1.35141e-06	6.14633e-12	0
1.35141e-06	8.80971e-12	0
1.35141e-06	1.26272e-11	0
1.35141e-06	1.8099e-11	0
1.35141e-06	2.59418e-11	0
1.35141e-06	3.71831e-11	0
1.35141e-06	5.32957e-11	0
1.35141e-06	7.63902e-11	0
1.35141e-06	1.09492e-10	0
1.35141e-06	1.56939e-10	0
1.35141e-06	2.24945e-10	0
1.35141e-06	3.2242e-10	0
1.35141e-06	4.62134e-10	0
1.35141e-06	6.6239e-10	0
1.35141e-06	9.49423e-10	0
1.35141e-06	1.36084e-09	0
1.35141e-06	1.95053e-09	0
1.35141e-06	2.79575e-09	0
1.35141e-06	4.00723e-09	0
1.35141e-06	5.74368e-09	0
1.35141e-06	8.23258e-09	0
1.35141e-06	1.18e-08	0
1.93701e-06	2.57589e-16	0
1.93701e-06	3.6921e-16	0
1.93701e-06	5.29199e-16	0
1.93701e-06	7.58517e-16	0
1.93701e-06	1.0872e-15	0
1.93701e-06	1.55832e-15	0
1.93701e-06	2.23359e-15	0
1.93701e-06	3.20147e-15	0
1.93701e-06	4.58876e-15	0
1.93701e-06	6.57721e-15	0
1.93701e-06	9.4273e-15	0
1.93701e-06	1.35124e-14	0
1.93701e-06	1.93678e-14	0
1.93701e-06	2.77604e-14	0
1.93701e-06	3.97898e-14	0
1.93701e-06	5.70319e-14	1.43606e+18
1.93701e-06	8.17455e-14	0
1.93701e-06	1.17168e-13	0
1.93701e-06	1.67941e-13	0
1.93701e-06	2.40714e-13	0
1.93701e-06	3.45023e-13	0
1.93701e-06	4.94531e-13	0
1.93701e-06	7.08826e-13	0
1.93701e-06	1.01598e-12	0
1.93701e-06	1.45624e-12	0
1.93701e-06	2.08727e-12	0
1.93701e-06	2.99174e-12	0
1.93701e-06	4.28815e-12	0
1.93701e-06	6.14633e-12	0
1.93701e-06	8.80971e-12	0
1.93701e-06	1.26272e-11	0
1.93701e-06	1.8099e-11	0
1.93701e-06	2.59418e-11	0
1.93701e-06	3.71831e-11	0
1.93701e-06	5.32957e-11	0
1.93701e-06	7.63902e-11	0
1.93701e-06	1.09492e-10	0
1.93701e-06	1.56939e-10	0
1.93701e-06	2.24945e-10	0
1.93701e-06	3.2242e-10	0
1.93701e-06	4.62134e-10	0
1.93701e-06	6.6239e-10	0
1.93701e-06	9.49423e-10	0
1.93701e-06	1.36084e-09	0
1.93701e-06	1.95053e-09	0
1.93701e-06	2.79575e-09	0
1.93701e-06	4.00723e-09	0
1.93701e-06	5.74368e-09	0
1.93701e-06	8.23258e-09	0
1.93701e-06	1.18e-08	0
2.77638e-06	2.57589e-16	0
2.77638e-06	3.6921e-16	0
2.77638e-06	5.29199e-16	0
2.77638e-06	7.58517e-16	0
2.77638e-06	1.0872e-15	0
2.77638e-06	1.55832e-15	0
2.77638e-06	2.23359e-15	0
2.77638e-06	3.20147e-15	0
2.77638e-06	4.58876e-15	0
2.77638e-06	6.57721e-15	0
2.77638e-06	9.4273e-15	0
2.77638e-06	1.35124e-14	0
2.77638e-06	1.93678e-14	0
2.77638e-06	2.77604e-14	0
2.77638e-06	3.97898e-14	0
2.77638e-06	5.70319e-14	2.17656e+18
2.77638e-06	8.17455e-14	0
2.77638e-06	1.17168e-13	0
2.77638e-06	1.67941e-13	0
2.77638e-06	2.40714e-13	0
2.77638e-06	3.45023e-13	0
2.77638e-06	4.94531e-13	0
2.77638e-06	7.08826e-13	0
2.77638e-06	1.01598e-12	0
2.77638e-06	1.45624e-12	0
2.77638e-06	2.08727e-12	0
2.77638e-06	2.99174e-12	0
2.77638e-06	4.28815e-12	0
2.77638e-06	6.14633e-12	0
2.77638e-06	8.80971e-12	0
2.77638e-06	1.26272e-11	0
2.77638e-06	1.8099e-11	0
2.77638e-06	2.59418e-11	0
2.77638e-06	3.71831e-11	0
2.77638e-06	5.32957e-11	0
2.77638e-06	7.63902e-11	0
2.77638e-06	1.09492e-10	0
2.77638e-06	1.56939e-10	0
2.77638e-06	2.24945e-10	0
2.77638e-06	3.2242e-10	0
2.77638e-06	4.62134e-10	0
2.77638e-06	6.6239e-10	0
2.77638e-06	9.49423e-10	0
2.77638e-06	1.36084e-09	0
2.77638e-06	1.95053e-09	0
2.77638e-06	2.79575e-09	0
2.77638e-06	4.00723e-09	0
2.77638e-06	5.74368e-09	0
2.77638e-06	8.23258e-09	0
2.77638e-06	1.18e-08	0
3.97947e-06	2.57589e-16	0
3.97947e-06	3.6921e-16	0
3.97947e-06	5.29199e-16	0
3.97947e-06	7.58517e-16	0
3.97947e-06	1.0872e-15	0
3.97947e-06	1.55832e-15	0
3.97947e-06	2.23359e-15	0
3.97947e-06	3.20147e-15	0
3.97947e-06	4.58876e-15	0
3.97947e-06	6.57721e-15	0
3.97947e-06	9.4273e-15	0
3.97947e-06	1.35124e-14	0
3.97947e-06	1.93678e-14	0
3.97947e-06	2.77604e-14	0
3.97947e-06	3.97898e-14	0
3.97947e-06	5.70319e-14	2.14523e+18
3.97947e-06	8.17455e-14	0
3.97947e-06	1.17168e-13	0
3.97947e-06	1.67941e-13	0
3.97947e-06	2.40714e-13	0
3.97947e-06	3.45023e-13	0
3.97947e-06	4.94531e-13	0
3.97947e-06	7.08826e-13	0
3.97947e-06	1.01598e-12	0
3.97947e-06	1.45624e-12	0
3.97947e-06	2.08727e-12	0
3.97947e-06	2.99174e-12	0
3.97947e-06	4.28815e-12	0
3.97947e-06	6.14633e-12	0
3.97947e-06	8.80971e-12	0
3.97947e-06	1.26272e-11	0
3.97947e-06	1.8099e-11	0
3.97947e-06	2.59418e-11	0
3.97947e-06	3.71831e-11	0
3.97947e-06	5.32957e-11	0
3.97947e-06	7.63902e-11	0
3.97947e-06	1.09492e-10	0
3.97947e-06	1.56939e-10	0
3.97947e-06	2.24945e-10	0
3.97947e-06	3.2242e-10	0
3.97947e-06	4.62134e-10	0
3.97947e-06	6.6239e-10	0
3.97947e-06	9.49423e-10	0
3.97947e-06	1.36084e-09	0
3.97947e-06	1.95053e-09	0
3.97947e-06	2.79575e-09	0
3.97947e-06	4.00723e-09	0
3.97947e-06	5.74368e-09	0
3.97947e-06	8.23258e-09	0
3.97947e-06	1.18e-08	0
5.70389e-06	2.57589e-16	0
5.70389e-06	3.6921e-16	0
5.70389e-06	5.29199e-16	0
5.70389e-06	7.58517e-16	0
5.70389e-06	1.0872e-15	0
5.70389e-06	1.55832e-15	0
5.70389e-06	2.23359e-15	0
5.70389e-06	3.20147e-15	0
5.70389e-06	4.58876e-15	0
5.70389e-06	6.57721e-15	0
5.70389e-06	9.4273e-15	0
5.70389e-06	1.35124e-14	0
5.70389e-06	1.93678e-14	0
5.70389e-06	2.77604e-14	0
5.70389e-06	3.97898e-14	0
5.70389e-06	5.70319e-14	1.19944e+19
5.70389e-06	8.17455e-14	0
5.70389e-06	1.17168e-13	0
5.70389e-06	1.67941e-13	0
5.70389e-06	2.40714e-13	0
5.70389e-06	3.45023e-13	0
5.70389e-06	4.94531e-13	0
5.70389e-06	7.08826e-13	0
5.70389e-06	1.01598e-12	0
5.70389e-06	1.45624e-12	0
5.70389e-06	2.08727e-12	0
5.70389e-06	2.99174e-12	0
5.70389e-06	4.28815e-12	0
5.70389e-06	6.14633e-12	0
5.70389e-06	8.80971e-12	0
5.70389e-06	1.26272e-11	0
5.70389e-06	1.8099e-11	0
5.70389e-06	2.59418e-11	0
5.70389e-06	3.71831e-11	0
5.70389e-06	5.32957e-11	0
5.70389e-06	7.63902e-11	0
5.70389e-06	1.09492e-10	0
5.70389e-06	1.56939e-10	0
5.70389e-06	2.24945e-10	0
5.70389e-06	3.2242e-10	0
5.70389e-06	4.62134e-10	0
5.70389e-06	6.6239e-10	0
5.70389e-06	9.49423e-10	0
5.70389e-06	1.36084e-09	0
5.70389e-06	1.95053e-09	0
5.70389e-06	2.79575e-09	0
5.70389e-06	4.00723e-09	0
5.70389e-06	5.74368e-09	0
5.70389e-06	8.23258e-09	0
5.70389e-06	1.18e-08	0
8.17555e-06	2.57589e-16	0
8.17555e-06	3.6921e-16	0
8.17555e-06	5.29199e-16	0
8.17555e-06	7.58517e-16	0
8.17555e-06	1.0872e-15	0
8.17555e-06	1.55832e-15	0
8.17555e-06	2.23359e-15	0
8.17555e-06	3.20147e-15	0
8.17555e-06	4.58876e-15	0
8.17555e-06	6.57721e-15	0
8.17555e-06	9.4273e-15	0
8.17555e-06	1.35124e-14	0
8.17555e-06	1.93678e-14	0
8.17555e-06	2.77604e-14	0
8.17555e-06	3.97898e-14	0
8.17555e-06	5.70319e-14	1.48739e+19
8.17555e-06	8.17455e-14	0
8.17555e-06	1.17168e-13	0
8.17555e-06	1.67941e-13	0
8.17555e-06	2.40714e-13	0
8.17555e-06	3.45023e-13	0
8.17555e-06	4.94531e-13	0
8.17555e-06	7.08826e-13	0
8.17555e-06	1.01598e-12	0
8.17555e-06	1.45624e-12	0
8.17555e-06	2.08727e-12	0
8.17555e-06	2.99174e-12	0
8.17555e-06	4.28815e-12	0
8.17555e-06	6.14633e-12	0
8.17555e-06	8.80971e-12	0
8.17555e-06	1.26272e-11	0
8.17555e-06	1.8099e-11	0
8.17555e-06	2.59418e-11	0
8.17555e-06	3.71831e-11	0
8.17555e-06	5.32957e-11	0
8.17555e-06	7.63902e-11	0
8.17555e-06	1.09492e-10	0
8.17555e-06	1.56939e-10	0
8.17555e-06	2.24945e-10	0
8.17555e-06	3.2242e-10	0
8.17555e-06	4.62134e-10	0
8.17555e-06	6.6239e-10	0
8.17555e-06	9.49423e-10	0
8.17555e-06	1.36084e-09	0
8.17555e-06	1.95053e-09	0
8.17555e-06	2.79575e-09	0
8.17555e-06	4.00723e-09	0
8.17555e-06	5.74368e-09	0
8.17555e-06	8.23258e-09	0
8.17555e-06	1.18e-08	0
1.17183e-05	2.57589e-16	0
1.17183e-05	3.6921e-16	0
1.17183e-05	5.29199e-16	0
1.17183e-05	7.58517e-16	0
1.17183e-05	1.0872e-15	0
1.17183e-05	1.55832e-15	0
1.17183e-05	2.23359e-15	0
1.17183e-05	3.20147e-15	0
1.17183e-05	4.58876e-15	0
1.17183e-05	6.57721e-15	0
1.17183e-05	9.4273e-15	0
1.17183e-05	1.35124e-14	0
1.17183e-05	1.93678e-14	0
1.17183e-05	2.77604e-14	0
1.17183e-05	3.97898e-14	0
1.17183e-05	5.70319e-14	2.88396e+19
1.17183e-05	8.17455e-14	0
1.17183e-05	1.17168e-13	0
1.17183e-05	1.67941e-13	0
1.17183e-05	2.40714e-13	0
1.17183e-05	3.45023e-13	0
1.17183e-05	4.94531e-13	0
1.17183e-05	7.08826e-13	0
1.17183e-05	1.01598e-12	0
1.17183e-05	1.45624e-12	0
1.17183e-05	2.08727e-12	0
1.17183e-05	2.99174e-12	0
1.17183e-05	4.28815e-12	0
1.17183e-05	6.14633e-12	0
1.17183e-05	8.80971e-12	0
1.17183e-05	1.26272e-11	0
1.17183e-05	1.8099e-11	0
1.17183e-05	2.59418e-11	0
1.17183e-05	3.71831e-11	0
1.17183e-05	5.32957e-11	0
1.17183e-05	7.63902e-11	0
1.17183e-05	1.09492e-10	0
1.17183e-05	1.56939e-10	0
1.17183e-05	2.24945e-10	0
1.17183e-05	3.2242e-10	0
1.17183e-05	4.62134e-10	0
1.17183e-05	6.6239e-10	0
1.17183e-05	9.49423e-10	0
1.17183e-05	1.36084e-09	0
1.17183e-05	1.95053e-09	0
1.17183e-05	2.79575e-09	0
1.17183e-05	4.00723e-09	0
1.17183e-05	5.74368e-09	0
1.17183e-05	8.23258e-09	0
1.17183e-05	1.18e-08	9.89056e+09
1.67961e-05	2.57589e-16	0
1.67961e-05	3.6921e-16	0
1.67961e-05	5.29199e-16	0
1.67961e-05	7.58517e-16	0
1.67961e-05	1.0872e-15	0
1.67961e-05	1.55832e-15	0
1.67961e-05	2.23359e-15	0
1.67961e-05	3.20147e-15	0
1.67961e-05	4.58876e-15	0
1.67961e-05	6.57721e-15	0
1.67961e-05	9.4273e-15	0
1.67961e-05	1.35124e-14	0
1.67961e-05	1.93678e-14	0
1.67961e-05	2.77604e-14	0
1.67961e-05	3.97898e-14	0
1.67961e-05	5.70319e-14	1.52793e+19
1.67961e-05	8.17455e-14	0
1.67961e-05	1.17168e-13	0
1.67961e-05	1.67941e-13	0
1.67961e-05	2.40714e-13	0
1.67961e-05	3.45023e-13	0
1.67961e-05	4.94531e-13	0
1.67961e-05	7.08826e-13	0
1.67961e-05	1.01598e-12	0
1.67961e-05	1.45624e-12	0
1.67961e-05	2.08727e-12	0
1.67961e-05	2.99174e-12	0
1.67961e-05	4.28815e-12	1.89883e+13
1.67961e-05	6.14633e-12	7.94863e+13
1.67961e-05	8.80971e-12	0
1.67961e-05	1.26272e-11	0
1.67961e-05	1.8099e-11	0
1.67961e-05	2.59418e-11	6.2775e+12
1.67961e-05	3.71831e-11	0
1.67961e-05	5.32957e-11	0
1.67961e-05	7.63902e-11	0
1.67961e-05	1.09492e-10	0
1.67961e-05	1.56939e-10	0
1.67961e-05	2.24945e-10	0
1.67961e-05	3.2242e-10	0
1.67961e-05	4.62134e-10	0
1.67961e-05	6.6239e-10	0
1.67961e-05	9.49423e-10	0
1.67961e-05	1.36084e-09	0
1.67961e-05	1.95053e-09	0
1.67961e-05	2.79575e-09	0
1.67961e-05	4.00723e-09	0
1.67961e-05	5.74368e-09	0
1.67961e-05	8.23258e-09	0
1.67961e-05	1.18e-08	6.90041e+09
2.40744e-05	2.57589e-16	0
2.40744e-05	3.6921e-16	0
2.40744e-05	5.29199e-16	0
2.40744e-05	7.58517e-16	0
2.40744e-05	1.0872e-15	0
2.40744e-05	1.55832e-15	0
2.40744e-05	2.23359e-15	0
2.40744e-05	3.20147e-15	0
2.40744e-05	4.58876e-15	0
2.40744e-05	6.57721e-15	0
2.40744e-05	9.4273e-15	0
2.40744e-05	1.35124e-14	0
2.40744e-05	1.93678e-14	0
2.40744e-05	2.77604e-14	0
2.40744e-05	3.97898e-14	0
2.40744e-05	5.70319e-14	9.23463e+18
2.40744e-05	8.17455e-14	0
2.40744e-05	1.17168e-13	0
2.40744e-05	1.67941e-13	0
2.40744e-05	2.40714e-13	0
2.40744e-05	3.45023e-13	0
2.40744e-05	4.94531e-13	0
2.40744e-05	7.08826e-13	0
2.40744e-05	1.01598e-12	0
2.40744e-05	1.45624e-12	0
2.40744e-05	2.08727e-12	0
2.40744e-05	2.99174e-12	0
2.40744e-05	4.28815e-12	1.32477e+13
2.40744e-05	6.14633e-12	1.38639e+14
2.40744e-05	8.80971e-12	0
2.40744e-05	1.26272e-11	0
2.40744e-05	1.8099e-11	0
2.40744e-05	2.59418e-11	8.75933e+12
2.40744e-05	3.71831e-11	0
2.40744e-05	5.32957e-11	0
2.40744e-05	7.63902e-11	0
2.40744e-05	1.09492e-10	0
2.40744e-05	1.56939e-10	0
2.40744e-05	2.24945e-10	7.57628e+11
2.40744e-05	3.2242e-10	0
2.40744e-05	4.62134e-10	0
2.40744e-05	6.6239e-10	0
2.40744e-05	9.49423e-10	0
2.40744e-05	1.36084e-09	0
2.40744e-05	1.95053e-09	0
2.40744e-05	2.79575e-09	0
2.40744e-05	4.00723e-09	0
2.40744e-05	5.74368e-09	0
2.40744e-05	8.23258e-09	0
2.40744e-05	1.18e-08	4.81425e+09
3.45065e-05	2.57589e-16	0
3.45065e-05	3.6921e-16	0
3.45065e-05	5.29199e-16	0
3.45065e-05	7.58517e-16	0
3.45065e-05	1.0872e-15	0
3.45065e-05	1.55832e-15	0
3.45065e-05	2.23359e-15	0
3.45065e-05	3.20147e-15	0
3.45065e-05	4.58876e-15	0
3.45065e-05	6.57721e-15	0
3.45065e-05	9.4273e-15	0
3.45065e-05	1.35124e-14	0
3.45065e-05	1.93678e-14	0
3.45065e-05	2.77604e-14	0
3.45065e-05	3.97898e-14	0
3.45065e-05	5.70319e-14	5.01816e+18
3.45065e-05	8.17455e-14	0
3.45065e-05	1.17168e-13	0
3.45065e-05	1.67941e-13	0
3.45065e-05	2.40714e-13	0
3.45065e-05	3.45023e-13	0
3.45065e-05	4.94531e-13	0
3.45065e-05	7.08826e-13	0
3.45065e-05	1.01598e-12	0
3.45065e-05	1.45624e-12	0
3.45065e-05	2.08727e-12	0
3.45065e-05	2.99174e-12	0
3.45065e-05	4.28815e-12	1.84852e+13
3.45065e-05	6.14633e-12	1.87002e+14
3.45065e-05	8.80971e-12	0
3.45065e-05	1.26272e-11	0
3.45065e-05	1.8099e-11	0
3.45065e-05	2.59418e-11	1.22224e+13
3.45065e-05	3.71831e-11	0
3.45065e-05	5.32957e-11	0
3.45065e-05	7.63902e-11	0
3.45065e-05	1.09492e-10	0
3.45065e-05	1.56939e-10	0
3.45065e-05	2.24945e-10	3.52386e+11
3.45065e-05	3.2242e-10	0
3.45065e-05	4.62134e-10	0
3.45065e-05	6.6239e-10	0
3.45065e-05	9.49423e-10	0
3.45065e-05	1.36084e-09	0
3.45065e-05	1.95053e-09	0
3.45065e-05	2.79575e-09	0
3.45065e-05	4.00723e-09	0
3.45065e-05	5.74368e-09	0
3.45065e-05	8.23258e-09	0
3.45065e-05	1.18e-08	6.71758e+09
4.94592e-05	2.57589e-16	0
4.94592e-05	3.6921e-16	0
4.94592e-05	5.29199e-16	0
4.94592e-05	7.58517e-16	0
4.94592e-05	1.0872e-15	0
4.94592e-05	1.55832e-15	0
4.94592e-05	2.23359e-15	0
4.94592e-05	3.20147e-15	0
4.94592e-05	4.58876e-15	0
4.94592e-05	6.57721e-15	0
4.94592e-05	9.4273e-15	0
4.94592e-05	1.35124e-14	0
4.94592e-05	1.93678e-14	0
4.94592e-05	2.77604e-14	0
4.94592e-05	3.97898e-14	0
4.94592e-05	5.70319e-14	3.88699e+18
4.94592e-05	8.17455e-14	0
4.94592e-05	1.17168e-13	0
4.94592e-05	1.67941e-13	0
4.94592e-05	2.40714e-13	0
4.94592e-05	3.45023e-13	0
4.94592e-05	4.94531e-13	0
4.94592e-05	7.08826e-13	0
4.94592e-05	1.01598e-12	0
4.94592e-05	1.45624e-12	0
4.94592e-05	2.08727e-12	0
4.94592e-05	2.99174e-12	0
4.94592e-05	4.28815e-12	3.86901e+13
4.94592e-05	6.14633e-12	3.14921e+14
4.94592e-05	8.80971e-12	0
4.94592e-05	1.26272e-11	0
4.94592e-05	1.8099e-11	0
4.94592e-05	2.59418e-11	7.46134e+12
4.94592e-05	3.71831e-11	0
4.94592e-05	5.32957e-11	0
4.94592e-05	7.63902e-11	0
4.94592e-05	1.09492e-10	0
4.94592e-05	1.56939e-10	0
4.94592e-05	2.24945e-10	1.22926e+11
4.94592e-05	3.2242e-10	0
4.94592e-05	4.62134e-10	0
4.94592e-05	6.6239e-10	0
4.94592e-05	9.49423e-10	0
4.94592e-05	1.36084e-09	0
4.94592e-05	1.95053e-09	0
4.94592e-05	2.79575e-09	0
4.94592e-05	4.00723e-09	0
4.94592e-05	5.74368e-09	0
4.94592e-05	8.23258e-09	0
4.94592e-05	1.18e-08	2.34335e+09
7.08913e-05	2.57589e-16	0
7.08913e-05	3.6921e-16	0
7.08913e-05	5.29199e-16	0
7.08913e-05	7.58517e-16	0
7.08913e-05	1.0872e-15	0
7.08913e-05	1.55832e-15	0
7.08913e-05	2.23359e-15	0
7.08913e-05	3.20147e-15	0
7.08913e-05	4.58876e-15	0
7.08913e-05	6.57721e-15	0
7.08913e-05	9.4273e-15	0
7.08913e-05	1.35124e-14	0
7.08913e-05	1.93678e-14	0
7.08913e-05	2.77604e-14	0
7.08913e-05	3.97898e-14	0
7.08913e-05	5.70319e-14	3.40733e+18
7.08913e-05	8.17455e-14	0
7.08913e-05	1.17168e-13	0
7.08913e-05	1.67941e-13	0
7.08913e-05	2.40714e-13	0
7.08913e-05	3.45023e-13	0
7.08913e-05	4.94531e-13	0
7.08913e-05	7.08826e-13	0
7.08913e-05	1.01598e-12	0
7.08913e-05	1.45624e-12	0
7.08913e-05	2.08727e-12	0
7.08913e-05	2.99174e-12	0
7.08913e-05	4.28815e-12	6.7483e+13
7.08913e-05	6.14633e-12	4.17454e+14
7.08913e-05	8.80971e-12	0
7.08913e-05	1.26272e-11	0
7.08913e-05	1.8099e-11	0
7.08913e-05	2.59418e-11	1.93351e+13
7.08913e-05	3.71831e-11	0
7.08913e-05	5.32957e-11	0
7.08913e-05	7.63902e-11	0
7.08913e-05	1.09492e-10	0
7.08913e-05	1.56939e-10	0
7.08913e-05	2.24945e-10	3.43049e+11
7.08913e-05	3.2242e-10	0
7.08913e-05	4.62134e-10	0
7.08913e-05	6.6239e-10	0
7.08913e-05	9.49423e-10	0
7.08913e-05	1.36084e-09	0
7.08913e-05	1.95053e-09	0
7.08913e-05	2.79575e-09	0
7.08913e-05	4.00723e-09	0
7.08913e-05	5.74368e-09	0
7.08913e-05	8.23258e-09	0
7.08913e-05	1.18e-08	1.6349e+09
0.000101611	2.57589e-16	0
0.000101611	3.6921e-16	0
0.000101611	5.29199e-16	0
0.000101611	7.58517e-16	0
0.000101611	1.0872e-15	0
0.000101611	1.55832e-15	0
0.000101611	2.23359e-15	0
0.000101611	3.20147e-15	0
0.000101611	4.58876e-15	0
0.000101611	6.57721e-15	0
0.000101611	9.4273e-15	0
0.000101611	1.35124e-14	0
0.000101611	1.93678e-14	0
0.000101611	2.77604e-14	0
0.000101611	3.97898e-14	0
0.000101611	5.70319e-14	2.33237e+18
0.000101611	8.17455e-14	0
0.000101611	1.17168e-13	0
0.000101611	1.67941e-13	0
0.000101611	2.40714e-13	0
0.000101611	3.45023e-13	0
0.000101611	4.94531e-13	0
0.000101611	7.08826e-13	0
0.000101611	1.01598e-12	0
0.000101611	1.45624e-12	0
0.000101611	2.08727e-12	0
0.000101611	2.99174e-12	0
0.000101611	4.28815e-12	8.16075e+13
0.000101611	6.14633e-12	6.00014e+14
0.000101611	8.80971e-12	0
0.000101611	1.26272e-11	0
0.000101611	1.8099e-11	7.43657e+11
0.000101611	2.59418e-11	3.26864e+13
0.000101611	3.71831e-11	0
0.000101611	5.32957e-11	0
0.000101611	7.63902e-11	0
0.000101611	1.09492e-10	0
0.000101611	1.56939e-10	0
0.000101611	2.24945e-10	2.39338e+11
0.000101611	3.2242e-10	0
0.000101611	4.62134e-10	0
0.000101611	6.6239e-10	0
0.000101611	9.49423e-10	0
0.000101611	1.36084e-09	0
0.000101611	1.95053e-09	0
0.000101611	2.79575e-09	0
0.000101611	4.00723e-09	0
0.000101611	5.74368e-09	0
0.000101611	8.23258e-09	0
0.000101611	1.18e-08	2.28126e+09
0.000145641	2.57589e-16	0
0.000145641	3.6921e-16	0
0.000145641	5.29199e-16	0
0.000145641	7.58517e-16	0
0.000145641	1.0872e-15	0
0.000145641	1.55832e-15	0
0.000145641	2.23359e-15	0
0.000145641	3.20147e-15	0
0.000145641	4.58876e-15	0
0.000145641	6.57721e-15	0
0.000145641	9.4273e-15	0
0.000145641	1.35124e-14	0
0.000145641	1.93678e-14	0
0.000145641	2.77604e-14	0
0.000145641	3.97898e-14	0
0.000145641	5.70319e-14	1.06496e+18
0.000145641	8.17455e-14	0
0.000145641	1.17168e-13	0
0.000145641	1.67941e-13	0
0.000145641	2.40714e-13	0
0.000145641	3.45023e-13	0
0.000145641	4.94531e-13	0
0.000145641	7.08826e-13	0
0.000145641	1.01598e-12	0
0.000145641	1.45624e-12	0
0.000145641	2.08727e-12	0
0.000145641	2.99174e-12	0
0.000145641	4.28815e-12	9.63526e+13
0.000145641	6.14633e-12	9.71677e+14
0.000145641	8.80971e-12	0
0.000145641	1.26272e-11	0
0.000145641	1.8099e-11	2.59416e+12
0.000145641	2.59418e-11	6.55178e+13
0.000145641	3.71831e-11	0
0.000145641	5.32957e-11	0
0.000145641	7.63902e-11	0
0.000145641	1.09492e-10	0
0.000145641	1.56939e-10	0
0.000145641	2.24945e-10	0
0.000145641	3.2242e-10	0
0.000145641	4.62134e-10	0
0.000145641	6.6239e-10	0
0.000145641	9.49423e-10	0
0.000145641	1.36084e-09	0
0.000145641	1.95053e-09	0
0.000145641	2.79575e-09	0
0.000145641	4.00723e-09	0
0.000145641	5.74368e-09	0
0.000145641	8.23258e-09	0
0.000145641	1.18e-08	2.38737e+09
0.000208752	2.57589e-16	0
0.000208752	3.6921e-16	0
0.000208752	5.29199e-16	0
0.000208752	7.58517e-16	0
0.000208752	1.0872e-15	0
0.000208752	1.55832e-15	0
0.000208752	2.23359e-15	0
0.000208752	3.20147e-15	0
0.000208752	4.58876e-15	0
0.000208752	6.57721e-15	0
0.000208752	9.4273e-15	0
0.000208752	1.35124e-14	0
0.000208752	1.93678e-14	0
0.000208752	2.77604e-14	0
0.000208752	3.97898e-14	0
0.000208752	5.70319e-14	3.27847e+17
0.000208752	8.17455e-14	0
0.000208752	1.17168e-13	0
0.000208752	1.67941e-13	0
0.000208752	2.40714e-13	0
0.000208752	3.45023e-13	0
0.000208752	4.94531e-13	0
0.000208752	7.08826e-13	0
0.000208752	1.01598e-12	0
0.000208752	1.45624e-12	0
0.000208752	2.08727e-12	0
0.000208752	2.99174e-12	0
0.000208752	4.28815e-12	7.18063e+13
0.000208752	6.14633e-12	1.58607e+15
0.000208752	8.80971e-12	0
0.000208752	1.26272e-11	0
0.000208752	1.8099e-11	3.61977e+11
0.000208752	2.59418e-11	1.14149e+14
0.000208752	3.71831e-11	0
0.000208752	5.32957e-11	0
0.000208752	7.63902e-11	0
0.000208752	1.09492e-10	0
0.000208752	1.56939e-10	0
0.000208752	2.24945e-10	1.16498e+11
0.000208752	3.2242e-10	0
0.000208752	4.62134e-10	0
0.000208752	6.6239e-10	0
0.000208752	9.49423e-10	0
0.000208752	1.36084e-09	0
0.000208752	1.95053e-09	0
0.000208752	2.79575e-09	4.68669e+09
0.000208752	4.00723e-09	0
0.000208752	5.74368e-09	0
0.000208752	8.23258e-09	0
0.000208752	1.18e-08	0
0.000299211	2.57589e-16	0
0.000299211	3.6921e-16	0
0.000299211	5.29199e-16	0
0.000299211	7.58517e-16	0
0.000299211	1.0872e-15	0
0.000299211	1.55832e-15	0
0.000299211	2.23359e-15	0
0.000299211	3.20147e-15	0
0.000299211	4.58876e-15	0
0.000299211	6.57721e-15	0
0.000299211	9.4273e-15	0
0.000299211	1.35124e-14	0
0.000299211	1.93678e-14	0
0.000299211	2.77604e-14	0
0.000299211	3.97898e-14	0
0.000299211	5.70319e-14	7.0687e+16
0.000299211	8.17455e-14	0
0.000299211	1.17168e-13	0
0.000299211	1.67941e-13	0
0.000299211	2.40714e-13	0
0.000299211	3.45023e-13	0
0.000299211	4.94531e-13	0
0.000299211	7.08826e-13	0
0.000299211	1.01598e-12	0
0.000299211	1.45624e-12	0
0.000299211	2.08727e-12	0
0.000299211	2.99174e-12	0
0.000299211	4.28815e-12	9.69974e+13
0.000299211	6.14633e-12	2.38119e+15
0.000299211	8.80971e-12	0
0.000299211	1.26272e-11	0
0.000299211	1.8099e-11	0
0.000299211	2.59418e-11	1.42893e+14
0.000299211	3.71831e-11	0
0.000299211	5.32957e-11	0
0.000299211	7.63902e-11	0
0.000299211	1.09492e-10	0
0.000299211	1.56939e-10	0
0.000299211	2.24945e-10	1.62556e+11
0.000299211	3.2242e-10	0
0.000299211	4.62134e-10	0
0.000299211	6.6239e-10	0
0.000299211	9.49423e-10	0
0.000299211	1.36084e-09	0
0.000299211	1.95053e-09	0
0.000299211	2.79575e-09	0
0.000299211	4.00723e-09	0
0.000299211	5.74368e-09	0
0.000299211	8.23258e-09	0
0.000299211	1.18e-08	2.71147e+09
0.000428867	2.57589e-16	0
0.000428867	3.6921e-16	0
0.000428867	5.29199e-16	0
0.000428867	7.58517e-16	0
0.000428867	1.0872e-15	0
0.000428867	1.55832e-15	0
0.000428867	2.23359e-15	0
0.000428867	3.20147e-15	0
0.000428867	4.58876e-15	0
0.000428867	6.57721e-15	0
0.000428867	9.4273e-15	0
0.000428867	1.35124e-14	0
0.000428867	1.93678e-14	0
0.000428867	2.77604e-14	0
0.000428867	3.97898e-14	0
0.000428867	5.70319e-14	7.6603e+15
0.000428867	8.17455e-14	0
0.000428867	1.17168e-13	0
0.000428867	1.67941e-13	0
0.000428867	2.40714e-13	0
0.000428867	3.45023e-13	0
0.000428867	4.94531e-13	0
0.000428867	7.08826e-13	0
0.000428867	1.01598e-12	0
0.000428867	1.45624e-12	0
0.000428867	2.08727e-12	0
0.000428867	2.99174e-12	0
0.000428867	4.28815e-12	1.16011e+14
0.000428867	6.14633e-12	3.50419e+15
0.000428867	8.80971e-12	0
0.000428867	1.26272e-11	0
0.000428867	1.8099e-11	3.52386e+11
0.000428867	2.59418e-11	2.04917e+14
0.000428867	3.71831e-11	0
0.000428867	5.32957e-11	0
0.000428867	7.63902e-11	0
0.000428867	1.09492e-10	0
0.000428867	1.56939e-10	0
0.000428867	2.24945e-10	2.12646e+11
0.000428867	3.2242e-10	0
0.000428867	4.62134e-10	0
0.000428867	6.6239e-10	0
0.000428867	9.49423e-10	0
0.000428867	1.36084e-09	0
0.000428867	1.95053e-09	0
0.000428867	2.79575e-09	2.28126e+09
0.000428867	4.00723e-09	0
0.000428867	5.74368e-09	0
0.000428867	8.23258e-09	0
0.000428867	1.18e-08	3.24296e+09
0.000614708	2.57589e-16	0
0.000614708	3.6921e-16	0
0.000614708	5.29199e-16	0
0.000614708	7.58517e-16	0
0.000614708	1.0872e-15	0
0.000614708	1.55832e-15	0
0.000614708	2.23359e-15	0
0.000614708	3.20147e-15	0
0.000614708	4.58876e-15	0
0.000614708	6.57721e-15	0
0.000614708	9.4273e-15	0
0.000614708	1.35124e-14	0
0.000614708	1.93678e-14	0
0.000614708	2.77604e-14	0
0.000614708	3.97898e-14	0
0.000614708	5.70319e-14	0
0.000614708	8.17455e-14	0
0.000614708	1.17168e-13	0
0.000614708	1.67941e-13	0
0.000614708	2.40714e-13	0
0.000614708	3.45023e-13	0
0.000614708	4.94531e-13	0
0.000614708	7.08826e-13	0
0.000614708	1.01598e-12	0
0.000614708	1.45624e-12	0
0.000614708	2.08727e-12	0
0.000614708	2.99174e-12	0
0.000614708	4.28815e-12	1.12587e+14
0.000614708	6.14633e-12	6.31541e+15
0.000614708	8.80971e-12	0
0.000614708	1.26272e-11	0
0.000614708	1.8099e-11	1.68408e+13
0.000614708	2.59418e-11	3.17835e+14
0.000614708	3.71831e-11	0
0.000614708	5.32957e-11	0
0.000614708	7.63902e-11	0
0.000614708	1.09492e-10	0
0.000614708	1.56939e-10	0
0.000614708	2.24945e-10	3.95622e+11
0.000614708	3.2242e-10	0
0.000614708	4.62134e-10	0
0.000614708	6.6239e-10	0
0.000614708	9.49423e-10	0
0.000614708	1.36084e-09	0
0.000614708	1.95053e-09	0
0.000614708	2.79575e-09	7.9579e+08
0.000614708	4.00723e-09	0
0.000614708	5.74368e-09	0
0.000614708	8.23258e-09	0
0.000614708	1.18e-08	2.82817e+09
0.00088108	2.57589e-16	0
0.00088108	3.6921e-16	0
0.00088108	5.29199e-16	0
0.00088108	7.58517e-16	0
0.00088108	1.0872e-15	0
0.00088108	1.55832e-15	0
0.00088108	2.23359e-15	0
0.00088108	3.20147e-15	0
0.00088108	4.58876e-15	0
0.00088108	6.57721e-15	0
0.00088108	9.4273e-15	0
0.00088108	1.35124e-14	0
0.00088108	1.93678e-14	0
0.00088108	2.77604e-14	0
0.00088108	3.97898e-14	0
0.00088108	5.70319e-14	0
0.00088108	8.17455e-14	0
0.00088108	1.17168e-13	0
0.00088108	1.67941e-13	0
0.00088108	2.40714e-13	0
0.00088108	3.45023e-13	0
0.00088108	4.94531e-13	0
0.00088108	7.08826e-13	0
0.00088108	1.01598e-12	0
0.00088108	1.45624e-12	0
0.00088108	2.08727e-12	0
0.00088108	2.99174e-12	0
0.00088108	4.28815e-12	3.74646e+14
0.00088108	6.14633e-12	1.14589e+16
0.00088108	8.80971e-12	0
0.00088108	1.26272e-11	0
0.00088108	1.8099e-11	5.18005e+13
0.00088108	2.59418e-11	4.84838e+14
0.00088108	3.71831e-11	0
0.00088108	5.32957e-11	0
0.00088108	7.63902e-11	0
0.00088108	1.09492e-10	0
0.00088108	1.56939e-10	0
0.00088108	2.24945e-10	5.24431e+11
0.00088108	3.2242e-10	0
0.00088108	4.62134e-10	0
0.00088108	6.6239e-10	0
0.00088108	9.49423e-10	0
0.00088108	1.36084e-09	0
0.00088108	1.95053e-09	0
0.00088108	2.79575e-09	2.77602e+09
0.00088108	4.00723e-09	0
0.00088108	5.74368e-09	0
0.00088108	8.23258e-09	0
0.00088108	1.18e-08	3.68321e+09
0.00126288	2.57589e-16	0
0.00126288	3.6921e-16	0
0.00126288	5.29199e-16	0
0.00126288	7.58517e-16	0
0.00126288	1.0872e-15	0
0.00126288	1.55832e-15	0
0.00126288	2.23359e-15	0
0.00126288	3.20147e-15	0
0.00126288	4.58876e-15	0
0.00126288	6.57721e-15	0
0.00126288	9.4273e-15	0
0.00126288	1.35124e-14	0
0.00126288	1.93678e-14	0
0.00126288	2.77604e-14	0
0.00126288	3.97898e-14	0
0.00126288	5.70319e-14	0
0.00126288	8.17455e-14	0
0.00126288	1.17168e-13	0
0.00126288	1.67941e-13	0
0.00126288	2.40714e-13	0
0.00126288	3.45023e-13	0
0.00126288	4.94531e-13	0
0.00126288	7.08826e-13	0
0.00126288	1.01598e-12	0
0.00126288	1.45624e-12	0
0.00126288	2.08727e-12	0
0.00126288	2.99174e-12	0
0.00126288	4.28815e-12	1.65668e+14
0.00126288	6.14633e-12	3.8739e+16
0.00126288	8.80971e-12	0
0.00126288	1.26272e-11	0
0.00126288	1.8099e-11	1.19011e+14
0.00126288	2.59418e-11	5.35338e+14
0.00126288	3.71831e-11	0
0.00126288	5.32957e-11	0
0.00126288	7.63902e-11	0
0.00126288	1.09492e-10	0
0.00126288	1.56939e-10	0
0.00126288	2.24945e-10	3.99583e+11
0.00126288	3.2242e-10	0
0.00126288	4.62134e-10	0
0.00126288	6.6239e-10	0
0.00126288	9.49423e-10	0
0.00126288	1.36084e-09	0
0.00126288	1.95053e-09	0
0.00126288	2.79575e-09	6.97235e+09
0.00126288	4.00723e-09	0
0.00126288	5.74368e-09	0
0.00126288	8.23258e-09	0
0.00126288	1.18e-08	5.23115e+09
0.00181012	2.57589e-16	0
0.00181012	3.6921e-16	0
0.00181012	5.29199e-16	0
0.00181012	7.58517e-16	0
0.00181012	1.0872e-15	0
0.00181012	1.55832e-15	0
0.00181012	2.23359e-15	0
0.00181012	3.20147e-15	0
0.00181012	4.58876e-15	0
0.00181012	6.57721e-15	0
0.00181012	9.4273e-15	0
0.00181012	1.35124e-14	0
0.00181012	1.93678e-14	0
0.00181012	2.77604e-14	0
0.00181012	3.97898e-14	0
0.00181012	5.70319e-14	0
0.00181012	8.17455e-14	0
0.00181012	1.17168e-13	0
0.00181012	1.67941e-13	0
0.00181012	2.40714e-13	0
0.00181012	3.45023e-13	0
0.00181012	4.94531e-13	0
0.00181012	7.08826e-13	0
0.00181012	1.01598e-12	0
0.00181012	1.45624e-12	0
0.00181012	2.08727e-12	0
0.00181012	2.99174e-12	0
0.00181012	4.28815e-12	6.07866e+13
0.00181012	6.14633e-12	2.9078e+16
0.00181012	8.80971e-12	0
0.00181012	1.26272e-11	0
0.00181012	1.8099e-11	1.71572e+14
0.00181012	2.59418e-11	1.10085e+15
0.00181012	3.71831e-11	0
0.00181012	5.32957e-11	0
0.00181012	7.63902e-11	0
0.00181012	1.09492e-10	0
0.00181012	1.56939e-10	0
0.00181012	2.24945e-10	4.4336e+11
0.00181012	3.2242e-10	0
0.00181012	4.62134e-10	0
0.00181012	6.6239e-10	0
0.00181012	9.49423e-10	0
0.00181012	1.36084e-09	0
0.00181012	1.95053e-09	0
0.00181012	2.79575e-09	1.62148e+10
0.00181012	4.00723e-09	0
0.00181012	5.74368e-09	0
0.00181012	8.23258e-09	0
0.00181012	1.18e-08	7.42736e+09
0.0025945	2.57589e-16	0
0.0025945	3.6921e-16	0
0.0025945	5.29199e-16	0
0.0025945	7.58517e-16	0
0.0025945	1.0872e-15	0
0.0025945	1.55832e-15	0
0.0025945	2.23359e-15	0
0.0025945	3.20147e-15	0
0.0025945	4.58876e-15	0
0.0025945	6.57721e-15	0
0.0025945	9.4273e-15	0
0.0025945	1.35124e-14	0
0.0025945	1.93678e-14	0
0.0025945	2.77604e-14	0
0.0025945	3.97898e-14	0
0.0025945	5.70319e-14	0
0.0025945	8.17455e-14	0
0.0025945	1.17168e-13	0
0.0025945	1.67941e-13	0
0.0025945	2.40714e-13	0
0.0025945	3.45023e-13	0
0.0025945	4.94531e-13	0
0.0025945	7.08826e-13	0
0.0025945	1.01598e-12	0
0.0025945	1.45624e-12	0
0.0025945	2.08727e-12	0
0.0025945	2.99174e-12	0
0.0025945	4.28815e-12	2.26183e+13
0.0025945	6.14633e-12	2.46949e+16
0.0025945	8.80971e-12	0
0.0025945	1.26272e-11	0
0.0025945	1.8099e-11	2.2257e+14
0.0025945	2.59418e-11	2.36675e+15
0.0025945	3.71831e-11	0
0.0025945	5.32957e-11	0
0.0025945	7.63902e-11	0
0.0025945	1.09492e-10	0
0.0025945	1.56939e-10	0
0.0025945	2.24945e-10	4.21803e+11
0.0025945	3.2242e-10	0
0.0025945	4.62134e-10	0
0.0025945	6.6239e-10	0
0.0025945	9.49423e-10	0
0.0025945	1.36084e-09	0
0.0025945	1.95053e-09	0
0.0025945	2.79575e-09	2.48879e+10
0.0025945	4.00723e-09	0
0.0025945	5.74368e-09	0
0.0025945	8.23258e-09	0
0.0025945	1.18e-08	1.34461e+10
0.00371877	2.57589e-16	0
0.00371877	3.6921e-16	0
0.00371877	5.29199e-16	0
0.00371877	7.58517e-16	0
0.00371877	1.0872e-15	0
0.00371877	1.55832e-15	0
0.00371877	2.23359e-15	0
0.00371877	3.20147e-15	0
0.00371877	4.58876e-15	0
0.00371877	6.57721e-15	0
0.00371877	9.4273e-15	0
0.00371877	1.35124e-14	0
0.00371877	1.93678e-14	0
0.00371877	2.77604e-14	0
0.00371877	3.97898e-14	0
0.00371877	5.70319e-14	0
0.00371877	8.17455e-14	0
0.00371877	1.17168e-13	0
0.00371877	1.67941e-13	0
0.00371877	2.40714e-13	0
0.00371877	3.45023e-13	0
0.00371877	4.94531e-13	0
0.00371877	7.08826e-13	0
0.00371877	1.01598e-12	0
0.00371877	1.45624e-12	0
0.00371877	2.08727e-12	0
0.00371877	2.99174e-12	0
0.00371877	4.28815e-12	1.27786e+13
0.00371877	6.14633e-12	2.37143e+16
0.00371877	8.80971e-12	0
0.00371877	1.26272e-11	0
0.00371877	1.8099e-11	3.75382e+14
0.00371877	2.59418e-11	1.80195e+15
0.00371877	3.71831e-11	0
0.00371877	5.32957e-11	0
0.00371877	7.63902e-11	0
0.00371877	1.09492e-10	0
0.00371877	1.56939e-10	0
0.00371877	2.24945e-10	7.22625e+11
0.00371877	3.2242e-10	0
0.00371877	4.62134e-10	0
0.00371877	6.6239e-10	0
0.00371877	9.49423e-10	0
0.00371877	1.36084e-09	0
0.00371877	1.95053e-09	0
0.00371877	2.79575e-09	3.20966e+10
0.00371877	4.00723e-09	0
0.00371877	5.74368e-09	0
0.00371877	8.23258e-09	0
0.00371877	1.18e-08	1.41183e+10
0.00533022	2.57589e-16	0
0.00533022	3.6921e-16	0
0.00533022	5.29199e-16	0
0.00533022	7.58517e-16	0
0.00533022	1.0872e-15	0
0.00533022	1.55832e-15	0
0.00533022	2.23359e-15	0
0.00533022	3.20147e-15	0
0.00533022	4.58876e-15	0
0.00533022	6.57721e-15	0
0.00533022	9.4273e-15	0
0.00533022	1.35124e-14	0
0.00533022	1.93678e-14	0
0.00533022	2.77604e-14	0
0.00533022	3.97898e-14	0
0.00533022	5.70319e-14	0
0.00533022	8.17455e-14	0
0.00533022	1.17168e-13	0
0.00533022	1.67941e-13	0
0.00533022	2.40714e-13	0
0.00533022	3.45023e-13	0
0.00533022	4.94531e-13	0
0.00533022	7.08826e-13	0
0.00533022	1.01598e-12	0
0.00533022	1.45624e-12	0
0.00533022	2.08727e-12	0
0.00533022	2.99174e-12	0
0.00533022	4.28815e-12	1.14882e+13
0.00533022	6.14633e-12	1.13433e+16
0.00533022	8.80971e-12	0
0.00533022	1.26272e-11	0
0.00533022	1.8099e-11	2.53148e+14
0.00533022	2.59418e-11	2.75284e+15
0.00533022	3.71831e-11	0
0.00533022	5.32957e-11	0
0.00533022	7.63902e-11	0
0.00533022	1.09492e-10	0
0.00533022	1.56939e-10	0
0.00533022	2.24945e-10	1.03569e+12
0.00533022	3.2242e-10	0
0.00533022	4.62134e-10	0
0.00533022	6.6239e-10	0
0.00533022	9.49423e-10	0
0.00533022	1.36084e-09	0
0.00533022	1.95053e-09	0
0.00533022	2.79575e-09	3.41402e+10
0.00533022	4.00723e-09	0
0.00533022	5.74368e-09	0
0.00533022	8.23258e-09	0
0.00533022	1.18e-08	1.32638e+10
0.00763996	2.57589e-16	0
0.00763996	3.6921e-16	0
0.00763996	5.29199e-16	0
0.00763996	7.58517e-16	0
0.00763996	1.0872e-15	0
0.00763996	1.55832e-15	0
0.00763996	2.23359e-15	0
0.00763996	3.20147e-15	0
0.00763996	4.58876e-15	0
0.00763996	6.57721e-15	0
0.00763996	9.4273e-15	0
0.00763996	1.35124e-14	0
0.00763996	1.93678e-14	0
0.00763996	2.77604e-14	0
0.00763996	3.97898e-14	0
0.00763996	5.70319e-14	0
0.00763996	8.17455e-14	0
0.00763996	1.17168e-13	0
0.00763996	1.67941e-13	0
0.00763996	2.40714e-13	0
0.00763996	3.45023e-13	0
0.00763996	4.94531e-13	0
0.00763996	7.08826e-13	0
0.00763996	1.01598e-12	0
0.00763996	1.45624e-12	0
0.00763996	2.08727e-12	0
0.00763996	2.99174e-12	0
0.00763996	4.28815e-12	8.68297e+12
0.00763996	6.14633e-12	2.78387e+15
0.00763996	8.80971e-12	0
0.00763996	1.26272e-11	0
0.00763996	1.8099e-11	6.44172e+13
0.00763996	2.59418e-11	1.83516e+15
0.00763996	3.71831e-11	0
0.00763996	5.32957e-11	0
0.00763996	7.63902e-11	0
0.00763996	1.09492e-10	0
0.00763996	1.56939e-10	0
0.00763996	2.24945e-10	1.57885e+12
0.00763996	3.2242e-10	0
0.00763996	4.62134e-10	0
0.00763996	6.6239e-10	0
0.00763996	9.49423e-10	0
0.00763996	1.36084e-09	0
0.00763996	1.95053e-09	0
0.00763996	2.79575e-09	3.19505e+10
0.00763996	4.00723e-09	0
0.00763996	5.74368e-09	0
0.00763996	8.23258e-09	0
0.00763996	1.18e-08	1.31223e+10
0.0109506	2.57589e-16	0
0.0109506	3.6921e-16	0
0.0109506	5.29199e-16	0
0.0109506	7.58517e-16	0
0.0109506	1.0872e-15	0
0.0109506	1.55832e-15	0
0.0109506	2.23359e-15	0
0.0109506	3.20147e-15	0
0.0109506	4.58876e-15	0
0.0109506	6.57721e-15	0
0.0109506	9.4273e-15	0
0.0109506	1.35124e-14	0
0.0109506	1.93678e-14	0
0.0109506	2.77604e-14	0
0.0109506	3.97898e-14	0
0.0109506	5.70319e-14	0
0.0109506	8.17455e-14	0
0.0109506	1.17168e-13	0
0.0109506	1.67941e-13	0
0.0109506	2.40714e-13	0
0.0109506	3.45023e-13	0
0.0109506	4.94531e-13	0
0.0109506	7.08826e-13	0
0.0109506	1.01598e-12	0
0.0109506	1.45624e-12	0
0.0109506	2.08727e-12	0
0.0109506	2.99174e-12	0
0.0109506	4.28815e-12	1.28148e+12
0.0109506	6.14633e-12	3.01805e+14
0.0109506	8.80971e-12	0
0.0109506	1.26272e-11	0
0.0109506	1.8099e-11	1.26001e+13
0.0109506	2.59418e-11	1.55934e+15
0.0109506	3.71831e-11	0
0.0109506	5.32957e-11	0
0.0109506	7.63902e-11	0
0.0109506	1.09492e-10	0
0.0109506	1.56939e-10	0
0.0109506	2.24945e-10	2.45511e+12
0.0109506	3.2242e-10	0
0.0109506	4.62134e-10	0
0.0109506	6.6239e-10	0
0.0109506	9.49423e-10	0
0.0109506	1.36084e-09	0
0.0109506	1.95053e-09	0
0.0109506	2.79575e-09	3.18508e+10
0.0109506	4.00723e-09	0
0.0109506	5.74368e-09	0
0.0109506	8.23258e-09	0
0.0109506	1.18e-08	1.54949e+10
0.0156958	2.57589e-16	0
0.0156958	3.6921e-16	0
0.0156958	5.29199e-16	0
0.0156958	7.58517e-16	0
0.0156958	1.0872e-15	0
0.0156958	1.55832e-15	0
0.0156958	2.23359e-15	0
0.0156958	3.20147e-15	0
0.0156958	4.58876e-15	0
0.0156958	6.57721e-15	0
0.0156958	9.4273e-15	0
0.0156958	1.35124e-14	0
0.0156958	1.93678e-14	0
0.0156958	2.77604e-14	0
0.0156958	3.97898e-14	0
0.0156958	5.70319e-14	0
0.0156958	8.17455e-14	0
0.0156958	1.17168e-13	0
0.0156958	1.67941e-13	0
0.0156958	2.40714e-13	0
0.0156958	3.45023e-13	0
0.0156958	4.94531e-13	0
0.0156958	7.08826e-13	0
0.0156958	1.01598e-12	0
0.0156958	1.45624e-12	0
0.0156958	2.08727e-12	0
0.0156958	2.99174e-12	0
0.0156958	4.28815e-12	2.64153e+11
0.0156958	6.14633e-12	3.54127e+13
0.0156958	8.80971e-12	0
0.0156958	1.26272e-11	0
0.0156958	1.8099e-11	5.25235e+12
0.0156958	2.59418e-11	1.22959e+15
0.0156958	3.71831e-11	0
0.0156958	5.32957e-11	0
0.0156958	7.63902e-11	0
0.0156958	1.09492e-10	0
0.0156958	1.56939e-10	0
0.0156958	2.24945e-10	2.81993e+12
0.0156958	3.2242e-10	0
0.0156958	4.62134e-10	0
0.0156958	6.6239e-10	0
0.0156958	9.49423e-10	0
0.0156958	1.36084e-09	0
0.0156958	1.95053e-09	0
0.0156958	2.79575e-09	3.38777e+10
0.0156958	4.00723e-09	0
0.0156958	5.74368e-09	0
0.0156958	8.23258e-09	0
0.0156958	1.18e-08	1.90733e+10
0.0224972	2.57589e-16	0
0.0224972	3.6921e-16	0
0.0224972	5.29199e-16	0
0.0224972	7.58517e-16	0
0.0224972	1.0872e-15	0
0.0224972	1.55832e-15	0
0.0224972	2.23359e-15	0
0.0224972	3.20147e-15	0
0.0224972	4.58876e-15	0
0.0224972	6.57721e-15	0
0.0224972	9.4273e-15	0
0.0224972	1.35124e-14	0
0.0224972	1.93678e-14	0
0.0224972	2.77604e-14	0
0.0224972	3.97898e-14	0
0.0224972	5.70319e-14	0
0.0224972	8.17455e-14	0
0.0224972	1.17168e-13	0
0.0224972	1.67941e-13	0
0.0224972	2.40714e-13	0
0.0224972	3.45023e-13	0
0.0224972	4.94531e-13	0
0.0224972	7.08826e-13	0
0.0224972	1.01598e-12	0
0.0224972	1.45624e-12	0
0.0224972	2.08727e-12	0
0.0224972	2.99174e-12	0
0.0224972	4.28815e-12	8.50585e+10
0.0224972	6.14633e-12	5.00462e+12
0.0224972	8.80971e-12	0
0.0224972	1.26272e-11	0
0.0224972	1.8099e-11	9.10232e+11
0.0224972	2.59418e-11	2.061e+14
0.0224972	3.71831e-11	0
0.0224972	5.32957e-11	0
0.0224972	7.63902e-11	0
0.0224972	1.09492e-10	0
0.0224972	1.56939e-10	0
0.0224972	2.24945e-10	3.9175e+12
0.0224972	3.2242e-10	0
0.0224972	4.62134e-10	0
0.0224972	6.6239e-10	0
0.0224972	9.49423e-10	0
0.0224972	1.36084e-09	0
0.0224972	1.95053e-09	0
0.0224972	2.79575e-09	3.29856e+10
0.0224972	4.00723e-09	0
0.0224972	5.74368e-09	0
0.0224972	8.23258e-09	0
0.0224972	1.18e-08	1.44867e+10
0.032246	2.57589e-16	0
0.032246	3.6921e-16	0
0.032246	5.29199e-16	0
0.032246	7.58517e-16	0
0.032246	1.0872e-15	0
0.032246	1.55832e-15	0
0.032246	2.23359e-15	0
0.032246	3.20147e-15	0
0.032246	4.58876e-15	0
0.032246	6.57721e-15	0
0.032246	9.4273e-15	0
0.032246	1.35124e-14	0
0.032246	1.93678e-14	0
0.032246	2.77604e-14	0
0.032246	3.97898e-14	0
0.032246	5.70319e-14	0
0.032246	8.17455e-14	0
0.032246	1.17168e-13	0
0.032246	1.67941e-13	0
0.032246	2.40714e-13	0
0.032246	3.45023e-13	0
0.032246	4.94531e-13	0
0.032246	7.08826e-13	0
0.032246	1.01598e-12	0
0.032246	1.45624e-12	0
0.032246	2.08727e-12	0
0.032246	2.99174e-12	0
0.032246	4.28815e-12	2.96717e+10
0.032246	6.14633e-12	6.90041e+11
0.032246	8.80971e-12	0
0.032246	1.26272e-11	0
0.032246	1.8099e-11	2.53082e+11
0.032246	2.59418e-11	1.38819e+13
0.032246	3.71831e-11	0
0.032246	5.32957e-11	0
0.032246	7.63902e-11	0
0.032246	1.09492e-10	0
0.032246	1.56939e-10	0
0.032246	2.24945e-10	2.95431e+12
0.032246	3.2242e-10	0
0.032246	4.62134e-10	0
0.032246	6.6239e-10	0
0.032246	9.49423e-10	0
0.032246	1.36084e-09	0
0.032246	1.95053e-09	0
0.032246	2.79575e-09	4.06107e+10
0.032246	4.00723e-09	0
0.032246	5.74368e-09	0
0.032246	8.23258e-09	0
0.032246	1.18e-08	2.149e+10
0.0462191	2.57589e-16	0
0.0462191	3.6921e-16	0
0.0462191	5.29199e-16	0
0.0462191	7.58517e-16	0
0.0462191	1.0872e-15	0
0.0462191	1.55832e-15	0
0.0462191	2.23359e-15	0
0.0462191	3.20147e-15	0
0.0462191	4.58876e-15	0
0.0462191	6.57721e-15	0
0.0462191	9.4273e-15	0
0.0462191	1.35124e-14	0
0.0462191	1.93678e-14	0
0.0462191	2.77604e-14	0
0.0462191	3.97898e-14	0
0.0462191	5.70319e-14	0
0.0462191	8.17455e-14	0
0.0462191	1.17168e-13	0
0.0462191	1.67941e-13	0
0.0462191	2.40714e-13	0
0.0462191	3.45023e-13	0
0.0462191	4.94531e-13	0
0.0462191	7.08826e-13	0
0.0462191	1.01598e-12	0
0.0462191	1.45624e-12	0
0.0462191	2.08727e-12	0
0.0462191	2.99174e-12	0
0.0462191	4.28815e-12	6.90041e+09
0.0462191	6.14633e-12	1.01099e+11
0.0462191	8.80971e-12	0
0.0462191	1.26272e-11	0
0.0462191	1.8099e-11	7.84751e+10
0.0462191	2.59418e-11	8.82847e+11
0.0462191	3.71831e-11	0
0.0462191	5.32957e-11	0
0.0462191	7.63902e-11	0
0.0462191	1.09492e-10	0
0.0462191	1.56939e-10	0
0.0462191	2.24945e-10	2.99432e+12
0.0462191	3.2242e-10	0
0.0462191	4.62134e-10	0
0.0462191	6.6239e-10	0
0.0462191	9.49423e-10	0
0.0462191	1.36084e-09	0
0.0462191	1.95053e-09	0
0.0462191	2.79575e-09	5.08346e+10
0.0462191	4.00723e-09	0
0.0462191	5.74368e-09	0
0.0462191	8.23258e-09	0
0.0462191	1.18e-08	1.1169e+10
0.0662472	2.57589e-16	0
0.0662472	3.6921e-16	0
0.0662472	5.29199e-16	0
0.0662472	7.58517e-16	0
0.0662472	1.0872e-15	0
0.0662472	1.55832e-15	0
0.0662472	2.23359e-15	0
0.0662472	3.20147e-15	0
0.0662472	4.58876e-15	0
0.0662472	6.57721e-15	0
0.0662472	9.4273e-15	0
0.0662472	1.35124e-14	0
0.0662472	1.93678e-14	0
0.0662472	2.77604e-14	0
0.0662472	3.97898e-14	0
0.0662472	5.70319e-14	0
0.0662472	8.17455e-14	0
0.0662472	1.17168e-13	0
0.0662472	1.67941e-13	0
0.0662472	2.40714e-13	0
0.0662472	3.45023e-13	0
0.0662472	4.94531e-13	0
0.0662472	7.08826e-13	0
0.0662472	1.01598e-12	0
0.0662472	1.45624e-12	0
0.0662472	2.08727e-12	0
0.0662472	2.99174e-12	0
0.0662472	4.28815e-12	0
0.0662472	6.14633e-12	0
0.0662472	8.80971e-12	0
0.0662472	1.26272e-11	0
0.0662472	1.8099e-11	1.71094e+10
0.0662472	2.59418e-11	1.28918e+11
0.0662472	3.71831e-11	0
0.0662472	5.32957e-11	0
0.0662472	7.63902e-11	0
0.0662472	1.09492e-10	0
0.0662472	1.56939e-10	0
0.0662472	2.24945e-10	1.72031e+12
0.0662472	3.2242e-10	0
0.0662472	4.62134e-10	0
0.0662472	6.6239e-10	0
0.0662472	9.49423e-10	0
0.0662472	1.36084e-09	0
0.0662472	1.95053e-09	0
0.0662472	2.79575e-09	8.15136e+10
0.0662472	4.00723e-09	0
0.0662472	5.74368e-09	0
0.0662472	8.23258e-09	0
0.0662472	1.18e-08	4.95636e+09
0.094954	2.57589e-16	0
0.094954	3.6921e-16	0
0.094954	5.29199e-16	0
0.094954	7.58517e-16	0
0.094954	1.0872e-15	0
0.094954	1.55832e-15	0
0.094954	2.23359e-15	0
0.094954	3.20147e-15	0
0.094954	4.58876e-15	0
0.094954	6.57721e-15	0
0.094954	9.4273e-15	0
0.094954	1.35124e-14	0
0.094954	1.93678e-14	0
0.094954	2.77604e-14	0
0.094954	3.97898e-14	0
0.094954	5.70319e-14	0
0.094954	8.17455e-14	0
0.094954	1.17168e-13	0
0.094954	1.67941e-13	0
0.094954	2.40714e-13	0
0.094954	3.45023e-13	0
0.094954	4.94531e-13	0
0.094954	7.08826e-13	0
0.094954	1.01598e-12	0
0.094954	1.45624e-12	0
0.094954	2.08727e-12	0
0.094954	2.99174e-12	0
0.094954	4.28815e-12	0
0.094954	6.14633e-12	0
0.094954	8.80971e-12	0
0.094954	1.26272e-11	0
0.094954	1.8099e-11	0
0.094954	2.59418e-11	2.38738e+10
0.094954	3.71831e-11	0
0.094954	5.32957e-11	0
0.094954	7.63902e-11	0
0.094954	1.09492e-10	0
0.094954	1.56939e-10	0
0.094954	2.24945e-10	3.93458e+11
0.094954	3.2242e-10	0
0.094954	4.62134e-10	0
0.094954	6.6239e-10	0
0.094954	9.49423e-10	0
0.094954	1.36084e-09	0
0.094954	1.95053e-09	0
0.094954	2.79575e-09	1.04225e+11
0.094954	4.00723e-09	0
0.094954	5.74368e-09	0
0.094954	8.23258e-09	0
0.094954	1.18e-08	3.44451e+09
0.1361	2.57589e-16	0
0.1361	3.6921e-16	0
0.1361	5.29199e-16	0
0.1361	7.58517e-16	0
0.1361	1.0872e-15	0
0.1361	1.55832e-15	0
0.1361	2.23359e-15	0
0.1361	3.20147e-15	0
0.1361	4.58876e-15	0
0.1361	6.57721e-15	0
0.1361	9.4273e-15	0
0.1361	1.35124e-14	0
0.1361	1.93678e-14	0
0.1361	2.77604e-14	0
0.1361	3.97898e-14	0
0.1361	5.70319e-14	0
0.1361	8.17455e-14	0
0.1361	1.17168e-13	0
0.1361	1.67941e-13	0
0.1361	2.40714e-13	0
0.1361	3.45023e-13	0
0.1361	4.94531e-13	0
0.1361	7.08826e-13	0
0.1361	1.01598e-12	0
0.1361	1.45624e-12	0
0.1361	2.08727e-12	0
0.1361	2.99174e-12	0
0.1361	4.28815e-12	0
0.1361	6.14633e-12	0
0.1361	8.80971e-12	0
0.1361	1.26272e-11	0
0.1361	1.8099e-11	0
0.1361	2.59418e-11	5.42294e+09
0.1361	3.71831e-11	0
0.1361	5.32957e-11	0
0.1361	7.63902e-11	0
0.1361	1.09492e-10	0
0.1361	1.56939e-10	0
0.1361	2.24945e-10	5.18189e+10
0.1361	3.2242e-10	0
0.1361	4.62134e-10	0
0.1361	6.6239e-10	0
0.1361	9.49423e-10	0
0.1361	1.36084e-09	0
0.1361	1.95053e-09	0
0.1361	2.79575e-09	1.25734e+11
0.1361	4.00723e-09	0
0.1361	5.74368e-09	0
0.1361	8.23258e-09	0
0.1361	1.18e-08	2.83916e+09
0.195077	2.57589e-16	0
0.195077	3.6921e-16	0
0.195077	5.29199e-16	0
0.195077	7.58517e-16	0
0.195077	1.0872e-15	0
0.195077	1.55832e-15	0
0.195077	2.23359e-15	0
0.195077	3.20147e-15	0
0.195077	4.58876e-15	0
0.195077	6.57721e-15	0
0.195077	9.4273e-15	0
0.195077	1.35124e-14	0
0.195077	1.93678e-14	0
0.195077	2.77604e-14	0
0.195077	3.97898e-14	0
0.195077	5.70319e-14	0
0.195077	8.17455e-14	0
0.195077	1.17168e-13	0
0.195077	1.67941e-13	0
0.195077	2.40714e-13	0
0.195077	3.45023e-13	0
0.195077	4.94531e-13	0
0.195077	7.08826e-13	0
0.195077	1.01598e-12	0
0.195077	1.45624e-12	0
0.195077	2.08727e-12	0
0.195077	2.99174e-12	0
0.195077	4.28815e-12	0
0.195077	6.14633e-12	0
0.195077	8.80971e-12	0
0.195077	1.26272e-11	0
0.195077	1.8099e-11	0
0.195077	2.59418e-11	0
0.195077	3.71831e-11	0
0.195077	5.32957e-11	0
0.195077	7.63902e-11	0
0.195077	1.09492e-10	0
0.195077	1.56939e-10	0
0.195077	2.24945e-10	4.83077e+09
0.195077	3.2242e-10	0
0.195077	4.62134e-10	0
0.195077	6.6239e-10	0
0.195077	9.49423e-10	0
0.195077	1.36084e-09	0
0.195077	1.95053e-09	0
0.195077	2.79575e-09	3.2644e+11
0.195077	4.00723e-09	0
0.195077	5.74368e-09	0
0.195077	8.23258e-09	0
0.195077	1.18e-08	2.15608e+09
0.279609	2.57589e-16	0
0.279609	3.6921e-16	0
0.279609	5.29199e-16	0
0.279609	7.58517e-16	0
0.279609	1.0872e-15	0
0.279609	1.55832e-15	0
0.279609	2.23359e-15	0
0.279609	3.20147e-15	0
0.279609	4.58876e-15	0
0.279609	6.57721e-15	0
0.279609	9.4273e-15	0
0.279609	1.35124e-14	0
0.279609	1.93678e-14	0
0.279609	2.77604e-14	0
0.279609	3.97898e-14	0
0.279609	5.70319e-14	0
0.279609	8.17455e-14	0
0.279609	1.17168e-13	0
0.279609	1.67941e-13	0
0.279609	2.40714e-13	0
0.279609	3.45023e-13	0
0.279609	4.94531e-13	0
0.279609	7.08826e-13	0
0.279609	1.01598e-12	0
0.279609	1.45624e-12	0
0.279609	2.08727e-12	0
0.279609	2.99174e-12	0
0.279609	4.28815e-12	0
0.279609	6.14633e-12	0
0.279609	8.80971e-12	0
0.279609	1.26272e-11	0
0.279609	1.8099e-11	0
0.279609	2.59418e-11	0
0.279609	3.71831e-11	0
0.279609	5.32957e-11	0
0.279609	7.63902e-11	0
0.279609	1.09492e-10	0
0.279609	1.56939e-10	0
0.279609	2.24945e-10	6.74063e+08
0.279609	3.2242e-10	0
0.279609	4.62134e-10	0
0.279609	6.6239e-10	0
0.279609	9.49423e-10	0
0.279609	1.36084e-09	0
0.279609	1.95053e-09	0
0.279609	2.79575e-09	1.20802e+11
0.279609	4.00723e-09	0
0.279609	5.74368e-09	0
0.279609	8.23258e-09	0
0.279609	1.18e-08	2.36932e+09
0.400772	2.57589e-16	0
0.400772	3.6921e-16	0
0.400772	5.29199e-16	0
0.400772	7.58517e-16	0
0.400772	1.0872e-15	0
0.400772	1.55832e-15	0
0.400772	2.23359e-15	0
0.400772	3.20147e-15	0
0.400772	4.58876e-15	0
0.400772	6.57721e-15	0
0.400772	9.4273e-15	0
0.400772	1.35124e-14	0
0.400772	1.93678e-14	0
0.400772	2.77604e-14	0
0.400772	3.97898e-14	0
0.400772	5.70319e-14	0
0.400772	8.17455e-14	0
0.400772	1.17168e-13	0
0.400772	1.67941e-13	0
0.400772	2.40714e-13	0
0.400772	3.45023e-13	0
0.400772	4.94531e-13	0
0.400772	7.08826e-13	0
0.400772	1.01598e-12	0
0.400772	1.45624e-12	0
0.400772	2.08727e-12	0
0.400772	2.99174e-12	0
0.400772	4.28815e-12	0
0.400772	6.14633e-12	0
0.400772	8.80971e-12	0
0.400772	1.26272e-11	0
0.400772	1.8099e-11	0
0.400772	2.59418e-11	0
0.400772	3.71831e-11	0
0.400772	5.32957e-11	0
0.400772	7.63902e-11	0
0.400772	1.09492e-10	0
0.400772	1.56939e-10	0
0.400772	2.24945e-10	1.21362e+08
0.400772	3.2242e-10	0
0.400772	4.62134e-10	0
0.400772	6.6239e-10	0
0.400772	9.49423e-10	0
0.400772	1.36084e-09	0
0.400772	1.95053e-09	0
0.400772	2.79575e-09	6.11382e+10
0.400772	4.00723e-09	0
0.400772	5.74368e-09	0
0.400772	8.23258e-09	0
0.400772	1.18e-08	3.27105e+09
0.574438	2.57589e-16	0
0.574438	3.6921e-16	0
0.574438	5.29199e-16	0
0.574438	7.58517e-16	0
0.574438	1.0872e-15	0
0.574438	1.55832e-15	0
0.574438	2.23359e-15	0
0.574438	3.20147e-15	0
0.574438	4.58876e-15	0
0.574438	6.57721e-15	0
0.574438	9.4273e-15	0
0.574438	1.35124e-14	0
0.574438	1.93678e-14	0
0.574438	2.77604e-14	0
0.574438	3.97898e-14	0
0.574438	5.70319e-14	0
0.574438	8.17455e-14	0
0.574438	1.17168e-13	0
0.574438	1.67941e-13	0
0.574438	2.40714e-13	0
0.574438	3.45023e-13	0
0.574438	4.94531e-13	0
0.574438	7.08826e-13	0
0.574438	1.01598e-12	0
0.574438	1.45624e-12	0
0.574438	2.08727e-12	0
0.574438	2.99174e-12	0
0.574438	4.28815e-12	0
0.574438	6.14633e-12	0
0.574438	8.80971e-12	0
0.574438	1.26272e-11	0
0.574438	1.8099e-11	0
0.574438	2.59418e-11	0
0.574438	3.71831e-11	0
0.574438	5.32957e-11	0
0.574438	7.63902e-11	0
0.574438	1.09492e-10	0
0.574438	1.56939e-10	0
0.574438	2.24945e-10	0
0.574438	3.2242e-10	0
0.574438	4.62134e-10	0
0.574438	6.6239e-10	0
0.574438	9.49423e-10	0
0.574438	1.36084e-09	0
0.574438	1.95053e-09	0
0.574438	2.79575e-09	2.6152e+10
0.574438	4.00723e-09	0
0.574438	5.74368e-09	0
0.574438	8.23258e-09	0
0.574438	1.18e-08	3.13014e+09
0.823359	2.57589e-16	0
0.823359	3.6921e-16	0
0.823359	5.29199e-16	0
0.823359	7.58517e-16	0
0.823359	1.0872e-15	0
0.823359	1.55832e-15	0
0.823359	2.23359e-15	0
0.823359	3.20147e-15	0
0.823359	4.58876e-15	0
0.823359	6.57721e-15	0
0.823359	9.4273e-15	0
0.823359	1.35124e-14	0
0.823359	1.93678e-14	0
0.823359	2.77604e-14	0
0.823359	3.97898e-14	0
0.823359	5.70319e-14	0
0.823359	8.17455e-14	0
0.823359	1.17168e-13	0
0.823359	1.67941e-13	0
0.823359	2.40714e-13	0
0.823359	3.45023e-13	0
0.823359	4.94531e-13	0
0.823359	7.08826e-13	0
0.823359	1.01598e-12	0
0.823359	1.45624e-12	0
0.823359	2.08727e-12	0
0.823359	2.99174e-12	0
0.823359	4.28815e-12	0
0.823359	6.14633e-12	0
0.823359	8.80971e-12	0
0.823359	1.26272e-11	0
0.823359	1.8099e-11	0
0.823359	2.59418e-11	0
0.823359	3.71831e-11	0
0.823359	5.32957e-11	0
0.823359	7.63902e-11	0
0.823359	1.09492e-10	0
0.823359	1.56939e-10	0
0.823359	2.24945e-10	0
0.823359	3.2242e-10	0
0.823359	4.62134e-10	0
0.823359	6.6239e-10	0
0.823359	9.49423e-10	0
0.823359	1.36084e-09	0
0.823359	1.95053e-09	0
0.823359	2.79575e-09	1.01477e+09
0.823359	4.00723e-09	0
0.823359	5.74368e-09	0
0.823359	8.23258e-09	0
0.823359	1.18e-08	3.2441e+10
1.18015	2.57589e-16	0
1.18015	3.6921e-16	0
1.18015	5.29199e-16	0
1.18015	7.58517e-16	0
1.18015	1.0872e-15	0
1.18015	1.55832e-15	0
1.18015	2.23359e-15	0
1.18015	3.20147e-15	0
1.18015	4.58876e-15	0
1.18015	6.57721e-15	0
1.18015	9.4273e-15	0
1.18015	1.35124e-14	0
1.18015	1.93678e-14	0
1.18015	2.77604e-14	0
1.18015	3.97898e-14	0
1.18015	5.70319e-14	0
1.18015	8.17455e-14	0
1.18015	1.17168e-13	0
1.18015	1.67941e-13	0
1.18015	2.40714e-13	0
1.18015	3.45023e-13	0
1.18015	4.94531e-13	0
1.18015	7.08826e-13	0
1.18015	1.01598e-12	0
1.18015	1.45624e-12	0
1.18015	2.08727e-12	0
1.18015	2.99174e-12	0
1.18015	4.28815e-12	0
1.18015	6.14633e-12	0
1.18015	8.80971e-12	0
1.18015	1.26272e-11	0
1.18015	1.8099e-11	0
1.18015	2.59418e-11	0
1.18015	3.71831e-11	0
1.18015	5.32957e-11	0
1.18015	7.63902e-11	0
1.18015	1.09492e-10	0
1.18015	1.56939e-10	0
1.18015	2.24945e-10	0
1.18015	3.2242e-10	0
1.18015	4.62134e-10	0
1.18015	6.6239e-10	0
1.18015	9.49423e-10	0
1.18015	1.36084e-09	0
1.18015	1.95053e-09	0
1.18015	2.79575e-09	2.25492e+08
1.18015	4.00723e-09	0
1.18015	5.74368e-09	0
1.18015	8.23258e-09	0
1.18015	1.18e-08	5.38795e+10
1.69154	2.57589e-16	0
1.69154	3.6921e-16	0
1.69154	5.29199e-16	0
1.69154	7.58517e-16	0
1.69154	1.0872e-15	0
1.69154	1.55832e-15	0
1.69154	2.23359e-15	0
1.69154	3.20147e-15	0
1.69154	4.58876e-15	0
1.69154	6.57721e-15	0
1.69154	9.4273e-15	0
1.69154	1.35124e-14	0
1.69154	1.93678e-14	0
1.69154	2.77604e-14	0
1.69154	3.97898e-14	0
1.69154	5.70319e-14	0
1.69154	8.17455e-14	0
1.69154	1.17168e-13	0
1.69154	1.67941e-13	0
1.69154	2.40714e-13	0
1.69154	3.45023e-13	0
1.69154	4.94531e-13	0
1.69154	7.08826e-13	0
1.69154	1.01598e-12	0
1.69154	1.45624e-12	0
1.69154	2.08727e-12	0
1.69154	2.99174e-12	0
1.69154	4.28815e-12	0
1.69154	6.14633e-12	0
1.69154	8.80971e-12	0
1.69154	1.26272e-11	0
1.69154	1.8099e-11	0
1.69154	2.59418e-11	0
1.69154	3.71831e-11	0
1.69154	5.32957e-11	0
1.69154	7.63902e-11	0
1.69154	1.09492e-10	0
1.69154	1.56939e-10	0
1.69154	2.24945e-10	0
1.69154	3.2242e-10	0
1.69154	4.62134e-10	0
1.69154	6.6239e-10	0
1.69154	9.49423e-10	0
1.69154	1.36084e-09	0
1.69154	1.95053e-09	0
1.69154	2.79575e-09	5.46573e+07
1.69154	4.00723e-09	0
1.69154	5.74368e-09	0
1.69154	8.23258e-09	0
1.69154	1.18e-08	1.24632e+11
2.42453	2.57589e-16	0
2.42453	3.6921e-16	0
2.42453	5.29199e-16	0
2.42453	7.58517e-16	0
2.42453	1.0872e-15	0
2.42453	1.55832e-15	0
2.42453	2.23359e-15	0
2.42453	3.20147e-15	0
2.42453	4.58876e-15	0
2.42453	6.57721e-15	0
2.42453	9.4273e-15	0
2.42453	1.35124e-14	0
2.42453	1.93678e-14	0
2.42453	2.77604e-14	0
2.42453	3.97898e-14	0
2.42453	5.70319e-14	0
2.42453	8.17455e-14	0
2.42453	1.17168e-13	0
2.42453	1.67941e-13	0
2.42453	2.40714e-13	0
2.42453	3.45023e-13	0
2.42453	4.94531e-13	0
2.42453	7.08826e-13	0
2.42453	1.01598e-12	0
2.42453	1.45624e-12	0
2.42453	2.08727e-12	0
2.42453	2.99174e-12	0
2.42453	4.28815e-12	0
2.42453	6.14633e-12	0
2.42453	8.80971e-12	0
2.42453	1.26272e-11	0
2.42453	1.8099e-11	0
2.42453	2.59418e-11	0
2.42453	3.71831e-11	0
2.42453	5.32957e-11	0
2.42453	7.63902e-11	0
2.42453	1.09492e-10	0
2.42453	1.56939e-10	0
2.42453	2.24945e-10	0
2.42453	3.2242e-10	0
2.42453	4.62134e-10	0
2.42453	6.6239e-10	0
2.42453	9.49423e-10	0
2.42453	1.36084e-09	0
2.42453	1.95053e-09	0
2.42453	2.79575e-09	6.65816e+06
2.42453	4.00723e-09	0
2.42453	5.74368e-09	0
2.42453	8.23258e-09	0
2.42453	1.18e-08	1.07665e+11
3.47515	2.57589e-16	0
3.47515	3.6921e-16	0
3.47515	5.29199e-16	0
3.47515	7.58517e-16	0
3.47515	1.0872e-15	0
3.47515	1.55832e-15	0
3.47515	2.23359e-15	0
3.47515	3.20147e-15	0
3.47515	4.58876e-15	0
3.47515	6.57721e-15	0
3.47515	9.4273e-15	0
3.47515	1.35124e-14	0
3.47515	1.93678e-14	0
3.47515	2.77604e-14	0
3.47515	3.97898e-14	0
3.47515	5.70319e-14	0
3.47515	8.17455e-14	0
3.47515	1.17168e-13	0
3.47515	1.67941e-13	0
3.47515	2.40714e-13	0
3.47515	3.45023e-13	0
3.47515	4.94531e-13	0
3.47515	7.08826e-13	0
3.47515	1.01598e-12	0
3.47515	1.45624e-12	0
3.47515	2.08727e-12	0
3.47515	2.99174e-12	0
3.47515	4.28815e-12	0
3.47515	6.14633e-12	0
3.47515	8.80971e-12	0
3.47515	1.26272e-11	0
3.47515	1.8099e-11	0
3.47515	2.59418e-11	0
3.47515	3.71831e-11	0
3.47515	5.32957e-11	0
3.47515	7.63902e-11	0
3.47515	1.09492e-10	0
3.47515	1.56939e-10	0
3.47515	2.24945e-10	0
3.47515	3.2242e-10	0
3.47515	4.62134e-10	0
3.47515	6.6239e-10	0
3.47515	9.49423e-10	0
3.47515	1.36084e-09	0
3.47515	1.95053e-09	0
3.47515	2.79575e-09	985354
3.47515	4.00723e-09	0
3.47515	5.74368e-09	0
3.47515	8.23258e-09	0
3.47515	1.18e-08	5.31543e+09
4.98103	2.57589e-16	0
4.98103	3.6921e-16	0
4.98103	5.29199e-16	0
4.98103	7.58517e-16	0
4.98103	1.0872e-15	0
4.98103	1.55832e-15	0
4.98103	2.23359e-15	0
4.98103	3.20147e-15	0
4.98103	4.58876e-15	0
4.98103	6.57721e-15	0
4.98103	9.4273e-15	0
4.98103	1.35124e-14	0
4.98103	1.93678e-14	0
4.98103	2.77604e-14	0
4.98103	3.97898e-14	0
4.98103	5.70319e-14	0
4.98103	8.17455e-14	0
4.98103	1.17168e-13	0
4.98103	1.67941e-13	0
4.98103	2.40714e-13	0
4.98103	3.45023e-13	0
4.98103	4.94531e-13	0
4.98103	7.08826e-13	0
4.98103	1.01598e-12	0
4.98103	1.45624e-12	0
4.98103	2.08727e-12	0
4.98103	2.99174e-12	0
4.98103	4.28815e-12	0
4.98103	6.14633e-12	0
4.98103	8.80971e-12	0
4.98103	1.26272e-11	0
4.98103	1.8099e-11	0
4.98103	2.59418e-11	0
4.98103	3.71831e-11	0
4.98103	5.32957e-11	0
4.98103	7.63902e-11	0
4.98103	1.09492e-10	0
4.98103	1.56939e-10	0
4.98103	2.24945e-10	0
4.98103	3.2242e-10	0
4.98103	4.62134e-10	0
4.98103	6.6239e-10	0
4.98103	9.49423e-10	0
4.98103	1.36084e-09	0
4.98103	1.95053e-09	0
4.98103	2.79575e-09	0
4.98103	4.00723e-09	0
4.98103	5.74368e-09	0
4.98103	8.23258e-09	0
4.98103	1.18e-08	7.78929e+08
7.13946	2.57589e-16	0
7.13946	3.6921e-16	0
7.13946	5.29199e-16	0
7.13946	7.58517e-16	0
7.13946	1.0872e-15	0
7.13946	1.55832e-15	0
7.13946	2.23359e-15	0
7.13946	3.20147e-15	0
7.13946	4.58876e-15	0
7.13946	6.57721e-15	0
7.13946	9.4273e-15	0
7.13946	1.35124e-14	0
7.13946	1.93678e-14	0
7.13946	2.77604e-14	0
7.13946	3.97898e-14	0
7.13946	5.70319e-14	0
7.13946	8.17455e-14	0
7.13946	1.17168e-13	0
7.13946	1.67941e-13	0
7.13946	2.40714e-13	0
7.13946	3.45023e-13	0
7.13946	4.94531e-13	0
7.13946	7.08826e-13	0
7.13946	1.01598e-12	0
7.13946	1.45624e-12	0
7.13946	2.08727e-12	0
7.13946	2.99174e-12	0
7.13946	4.28815e-12	0
7.13946	6.14633e-12	0
7.13946	8.80971e-12	0
7.13946	1.26272e-11	0
7.13946	1.8099e-11	0
7.13946	2.59418e-11	0
7.13946	3.71831e-11	0
7.13946	5.32957e-11	0
7.13946	7.63902e-11	0
7.13946	1.09492e-10	0
7.13946	1.56939e-10	0
7.13946	2.24945e-10	0
7.13946	3.2242e-10	0
7.13946	4.62134e-10	0
7.13946	6.6239e-10	0
7.13946	9.49423e-10	0
7.13946	1.36084e-09	0
7.13946	1.95053e-09	0
7.13946	2.79575e-09	0
7.13946	4.00723e-09	0
7.13946	5.74368e-09	0
7.13946	8.23258e-09	0
7.13946	1.18e-08	2.13636e+07
10.2332	2.57589e-16	0
10.2332	3.6921e-16	0
10.2332	5.29199e-16	0
10.2332	7.58517e-16	0
10.2332	1.0872e-15	0
10.2332	1.55832e-15	0
10.2332	2.23359e-15	0
10.2332	3.20147e-15	0
10.2332	4.58876e-15	0
10.2332	6.57721e-15	0
10.2332	9.4273e-15	0
10.2332	1.35124e-14	0
10.2332	1.93678e-14	0
10.2332	2.77604e-14	0
10.2332	3.97898e-14	0
10.2332	5.70319e-14	0
10.2332	8.17455e-14	0
10.2332	1.17168e-13	0
10.2332	1.67941e-13	0
10.2332	2.40714e-13	0
10.2332	3.45023e-13	0
10.2332	4.94531e-13	0
10.2332	7.08826e-13	0
10.2332	1.01598e-12	0
10.2332	1.45624e-12	0
10.2332	2.08727e-12	0
10.2332	2.99174e-12	0
10.2332	4.28815e-12	0
10.2332	6.14633e-12	0
10.2332	8.80971e-12	0
10.2332	1.26272e-11	0
10.2332	1.8099e-11	0
10.2332	2.59418e-11	0
10.2332	3.71831e-11	0
10.2332	5.32957e-11	0
10.2332	7.63902e-11	0
10.2332	1.09492e-10	0
10.2332	1.56939e-10	0
10.2332	2.24945e-10	0
10.2332	3.2242e-10	0
10.2332	4.62134e-10	0
10.2332	6.6239e-10	0
10.2332	9.49423e-10	0
10.2332	1.36084e-09	0
10.2332	1.95053e-09	0
10.2332	2.79575e-09	0
10.2332	4.00723e-09	0
10.2332	5.74368e-09	0
10.2332	8.23258e-09	0
10.2332	1.18e-08	747508
